-9.25549613839393714e1 -1.77635683940025046e-7 -7.94851064966905909e1 -3.55271367880050093e-7 -1.21286147702903691e2 -8.32667268468867299e-7 -1.60660835746284619e2 -7.99360577730112603e-7 -1.82400945547556120e2 -1.08801856413265320e-6 -2.35044974639109199e2 -4.26325641456060112e-6 -2.48294813331995101e2 0.00000000000000000e0 -3.02558730069790670e2 1.11022302462515633e-6 -3.20174802226347254e2 4.03010957938931824e-6 -3.63506808254143664e2 0.00000000000000000e0 -3.95618462789570856e2 -1.87627691161651477e-6 -4.22094624052960000e2 2.17603712826530640e-6 -4.69505539690828698e2 -3.99680288865056355e-5 -4.83700629549943528e2 -2.84217094304040074e-6 -5.37189225724432617e2 -2.88769008705003182e-5 0.00000000000000000e0 -1.23759924974820024e1 7.99360577730112603e-7 -5.50162152279654038e1 1.42108547152020037e-6 -3.62594251845926792e1 1.11022302462515633e-6 -7.30914912594471247e1 0.00000000000000000e0 -6.73938990169986454e1 -4.35207425653061279e-6 -8.82303694993424870e1 2.84217094304040074e-6 -1.02316521954914904e2 0.00000000000000000e0 -1.02780869370988611e2 0.00000000000000000e0 -1.34943512097862595e2 0.00000000000000000e0 -1.22656014944766397e2 0.00000000000000000e0 -1.59960646561874171e2 -1.50102152929321181e-5 -1.50665379150538541e2 0.00000000000000000e0 -1.76919279226694925e2 -9.99200722162640886e-6 -1.84629473665154364e2 -1.13686837721616030e-5 -1.90975686586991571e2
-1.77635683940025046e-7 -1.15051594251625019e2 7.99360577730112603e-7 -8.67737302456816906e1 0.00000000000000000e0 -1.07358047174432855e2 -2.22044604925031266e-6 -1.52915654139107431e2 -1.59872115546022521e-6 -1.65945577146331374e2 4.35207425653061279e-6 -2.06560358151364198e2 2.84217094304040074e-6 -2.30289287039830953e2 0.00000000000000000e0 -2.57860528485309658e2 8.88178419700125063e-6 -2.94932206001963209e2 -1.61204383175572730e-5 -3.11778064165935064e2 -6.39488462184090083e-6 -3.55655547912281406e2 -1.50102152929321181e-5 -3.71081435002196201e2 3.48165940522449023e-5 -4.11284683810020397e2 1.99840144432528177e-5 -4.35115754271464539e2 -1.13686837721616030e-5 -4.64325447335767137e2 3.34588193595664052e1 -4.99600361081320337e-7 4.48686503951023425e1 0.00000000000000000e0 2.88286926775072061e1 2.77555756156289082e-7 5.72225433703721293e1 -1.19904086659516885e-6 7.01934734337328194e1 5.44009282066326599e-7 7.26366938152977895e1 -6.39488462184090167e-6 1.01469214541793917e2 8.99280649946376692e-7 9.47823351804544103e1 -6.66133814775093840e-6 1.24885901620075387e2 1.34336985979643920e-6 1.23954612307741726e2 -1.59872115546022521e-6 1.42576702444330266e2 -9.38138455808257446e-6 1.56358050418248268e2 -4.35207425653061279e-6 1.59639985142234735e2 1.59872115546022542e-4 1.86545449087915927e2 -2.84217094304040074e-6 1.81085943040670827e2 -5.13367126586672317e-5
-7.94851064966905909e1 7.99360577730112603e-7 -2.07591213019497872e2 3.99680288865056302e-7 -1.63990447532569306e2 3.99680288865056302e-7 -2.18903734028330604e2 -3.99680288865056302e-7 -2.67519320296116746e2 -1.63202784619897990e-6 -3.16744630257659253e2 -7.10542735760100186e-7 -3.62465550551860360e2 0.00000000000000000e0 -4.13702832791074059e2 -1.11022302462515633e-6 -4.58184929996718836e2 2.68673971959287840e-6 -5.08196226878254663e2 -1.59872115546022521e-6 -5.54637136218616320e2 -1.87627691161651477e-6 -6.01000284383701569e2 8.70414851306122558e-6 -6.50614176578301226e2 -9.99200722162640886e-6 -6.93583750432935631e2 -5.68434188608080149e-6 -7.44847000078152632e2 3.20854454116670198e-6 -3.99680288865056302e-7 2.42893397395249586e1 0.00000000000000000e0 -2.01084221274072625e1 7.10542735760100186e-7 -3.51973886036915857e1 -2.22044604925031266e-6 -3.39253493297775250e1 0.00000000000000000e0 -3.77539150497874161e1 0.00000000000000000e0 -4.58927914337436960e1 2.84217094304040074e-6 -5.09121130254364047e1 -3.59712259978550677e-6 -5.61666435583418817e1 -4.44089209850062531e-6 -6.53207320788773416e1 0.00000000000000000e0 -6.69750814807912178e1 1.27897692436818017e-5 -7.83942360471634601e1 0.00000000000000000e0 -7.95951121901339178e1 0.00000000000000000e0 -8.94081758628928469e1 9.99200722162640886e-6 -9.38706705255754059e1 1.13686837721616030e-5 -9.93474961741291764e1
-3.55271367880050093e-7 -8.67737302456816906e1 3.99680288865056302e-7 -2.63166120362257061e2 -2.13162820728030056e-6 -1.59804934285467908e2 1.11022302462515633e-6 -2.21113041076748090e2 -1.59872115546022521e-6 -2.62726861388617976e2 0.00000000000000000e0 -3.03526969247513989e2 2.84217094304040074e-6 -3.53883024784007375e2 7.19424519957101353e-6 -3.88278913465711582e2 -4.44089209850062531e-6 -4.43100552238728767e2 5.37347943918575681e-6 -4.75594566928805250e2 6.39488462184090083e-6 -5.29457665621180354e2 -1.50102152929321181e-5 -5.65797641538523408e2 1.74082970261224512e-5 -6.13367396873343296e2 9.99200722162640886e-6 -6.57639037626722711e2 1.13686837721616030e-5 -6.96965807778226917e2 2.10090627561498877e1 -3.55271367880050093e-7 8.42517479782145386e1 5.32907051820075139e-7 5.88656405398069182e1 2.77555756156289082e-7 4.47214698606757040e1 -7.99360577730112603e-7 8.95137819867386355e1 -1.08801856413265320e-6 8.77603194116005483e1 -7.10542735760100186e-6 1.17772702878937707e2 0.00000000000000000e0 1.21982948941834465e2 -3.33066907387546920e-6 1.43797391771727206e2 -1.34336985979643920e-6 1.57034622239038413e2 3.19744231092045041e-6 1.68755710205914482e2 -7.50510764646605906e-6 1.91553913175823737e2 2.17603712826530640e-6 1.95282689929854286e2 1.54876111935209337e-4 2.23157042844590592e2 0.00000000000000000e0 2.25408734877419192e2 -4.81281681175005293e-5
-1.21286147702903691e2 0.00000000000000000e0 -1.63990447532569306e2 -2.13162820728030056e-6 -4.22674020228441805e2 -1.42108547152020037e-6 -3.15369833581158275e2 -2.13162820728030056e-6 -3.69792534193891186e2 -2.13162820728030056e-6 -4.87220647071850919e2 -1.13686837721616030e-5 -5.01143290421168786e2 -8.99280649946376692e-7 -6.25681001409361556e2 -5.55111512312578186e-6 -6.50471307928057627e2 1.34336985979643920e-6 -7.47183025318065461e2 0.00000000000000000e0 -8.09594330775098456e2 -1.31339383813156036e-5 -8.62946163238120903e2 0.00000000000000000e0 -9.65336950642381339e2 -9.99200722162640886e-5 -9.86636692346110067e2 8.52651282912120223e-6 -1.10583979449074832e3 -6.09623462821673389e-5 2.84217094304040074e-6 -3.31765264149908035e0 -1.42108547152020037e-6 -2.12390673937079555e1 -7.10542735760100186e-7 -1.15306860948294343e1 -1.11022302462515633e-6 -1.17437002700171433e2 3.19744231092045041e-6 -5.76073503566476575e1 4.35207425653061279e-6 -1.00090959165299864e2 2.84217094304040074e-6 -1.11552456172336875e2 0.00000000000000000e0 -9.68475200036067321e1 0.00000000000000000e0 -1.58606386468918004e2 -5.37347943918575681e-6 -1.09181294405402681e2 1.27897692436818017e-5 -1.86095602239255726e2 7.50510764646605906e-6 -1.42852115470049029e2 8.70414851306122558e-6 -1.92965780854148505e2 0.00000000000000000e0 -1.92112213426298695e2 0.00000000000000000e0 -1.92150982869510017e2
-8.32667268468867299e-7 -1.07358047174432855e2 3.99680288865056302e-7 -1.59804934285467908e2 -1.42108547152020037e-6 -4.33458213766613142e2 3.33066907387546920e-6 -2.62246554472156333e2 1.59872115546022521e-6 -3.10225978106259902e2 4.35207425653061279e-6 -3.88978289578290060e2 5.68434188608080149e-6 -4.21944798401074820e2 -7.19424519957101353e-6 -4.89344377241351879e2 4.44089209850062531e-6 -5.39662724674538822e2 0.00000000000000000e0 -5.89891906521699980e2 6.39488462184090083e-6 -6.54849761971831981e2 0.00000000000000000e0 -6.95913096171452025e2 0.00000000000000000e0 -7.64378552953193207e2 0.00000000000000000e0 -8.08294555554311955e2 0.00000000000000000e0 -8.69507026302063082e2 4.53227580465842479e1 2.77555756156289082e-7 7.01909546485523919e1 -2.77555756156289082e-7 1.26948739165300140e2 -2.77555756156289082e-7 1.26195864869060856e2 0.00000000000000000e0 9.33620524889988559e1 1.08801856413265320e-6 1.50420564093423053e2 -1.42108547152020037e-6 1.77231461861993012e2 0.00000000000000000e0 1.86487929099143884e2 -3.33066907387546920e-6 2.31208145962114003e2 -1.34336985979643920e-6 2.33518552317235589e2 -4.79616346638067541e-6 2.73758251267963658e2 -7.50510764646605906e-6 2.87391848763363157e2 0.00000000000000000e0 3.11880878278714079e2 1.87350135405495166e-4 3.41755264088305921e2 1.13686837721616030e-5 3.52218330590403639e2 -3.20854454116670172e-5
-1.60660835746284619e2 -2.22044604925031266e-6 -2.18903734028330604e2 1.11022302462515633e-6 -3.15369833581158275e2 3.33066907387546920e-6 -7.06608731526614406e2 -1.11022302462515633e-6 -4.82568936810423509e2 0.00000000000000000e0 -6.01342592210229895e2 -4.44089209850062531e-6 -6.91473010761001206e2 2.22044604925031266e-6 -7.80006899070428858e2 -1.11022302462515633e-6 -8.74362093838953911e2 -2.68673971959287840e-6 -9.59156735413912884e2 1.59872115546022521e-6 -1.05585244867256711e3 3.75255382323302953e-6 -1.13672846744350431e3 4.35207425653061279e-6 -1.23518947354739316e3 -1.74860126378462155e-5 -1.31432228100969451e3 0.00000000000000000e0 -1.41110631375340745e3 -1.60427227058335086e-5 -3.33066907387546920e-6 4.74152050955467441e0 -3.33066907387546920e-6 -7.88253773364999546e1 0.00000000000000000e0 8.42667602363178325e0 1.11022302462515633e-6 -6.95425383945291600e1 0.00000000000000000e0 -1.41497720207439642e2 4.35207425653061279e-6 -1.12616702629964024e2 5.68434188608080149e-6 -1.44884926278621123e2 3.59712259978550677e-6 -1.47389406235376413e2 -8.88178419700125063e-6 -1.74020554799536569e2 0.00000000000000000e0 -1.81414104538646342e2 -6.39488462184090083e-6 -2.04401300918366530e2 7.50510764646605906e-6 -2.17008749459068866e2 0.00000000000000000e0 -2.33381721448377988e2 9.99200722162640886e-6 -2.53696319418850180e2 0.00000000000000000e0 -2.62457538124927169e2
-7.99360577730112603e-7 -1.52915654139107431e2 -3.99680288865056302e-7 -2.21113041076748090e2 -2.13162820728030056e-6 -2.62246554472156333e2 -1.11022302462515633e-6 -7.29924738251952363e2 -4.79616346638067541e-6 -4.01880805023235780e2 -2.17603712826530640e-6 -5.01586710299761762e2 -2.84217094304040074e-6 -5.93985586017087144e2 -7.19424519957101353e-6 -6.30021861347529352e2 -4.44089209850062531e-6 -7.48164041308729793e2 -1.61204383175572730e-5 -7.72810103910614885e2 6.39488462184090083e-6 -8.89498406653199822e2 -1.50102152929321181e-5 -9.28123534382763069e2 -8.70414851306122558e-6 -1.02025905224234498e3 -9.99200722162640886e-6 -1.09078368950576987e3 -1.13686837721616030e-5 -1.14903492619555777e3 4.64720178339206242e1 -1.19904086659516885e-6 1.10987282564423126e2 0.00000000000000000e0 6.99808971660331736e1 -7.99360577730112603e-7 1.92714219027223493e2 -7.59392548843606989e-6 1.94716780299586361e2 1.08801856413265320e-6 1.02402470680829069e2 -2.91322521661641076e-5 2.33298780472068756e2 8.99280649946376692e-7 2.03198998827147619e2 -2.22044604925031274e-5 2.69852731271669143e2 0.00000000000000000e0 2.82635453707769102e2 -1.59872115546022521e-6 3.02961847609139966e2 -3.37729844090972687e-5 3.57956221774813400e2 4.35207425653061279e-6 3.42336850600588548e2 8.24340595784178731e-5 4.21150134766179463e2 0.00000000000000000e0 3.96359030219173292e2 6.73794353645007369e-5
-1.82400945547556120e2 -1.59872115546022521e-6 -2.67519320296116746e2 -1.59872115546022521e-6 -3.69792534193891186e2 1.59872115546022521e-6 -4.82568936810423509e2 -4.79616346638067541e-6 -1.00103185260991256e3 0.00000000000000000e0 -7.04047825816900172e2 -3.19744231092045041e-6 -7.65772443855894380e2 -1.59872115546022521e-6 -9.57799341838594273e2 -4.79616346638067541e-6 -9.84930426106700338e2 1.59872115546022521e-6 -1.14702223328322361e3 -1.59872115546022521e-6 -1.22608823573955283e3 -2.25153229393981780e-5 -1.32382117201679262e3 2.17603712826530640e-6 -1.46521525969944810e3 -1.34892097491956520e-4 -1.51001292469921123e3 8.52651282912120223e-6 -1.68358644714317052e3 -7.05879799056674393e-5 1.59872115546022521e-6 1.50014880517801412e1 0.00000000000000000e0 -6.40054105716103408e1 0.00000000000000000e0 -5.87571415522347635e1 1.59872115546022521e-6 -3.06052703180625905e1 -3.19744231092045041e-6 -3.78167753112279499e1 0.00000000000000000e0 -1.92228944762007330e2 -2.84217094304040074e-6 -1.32021481746846774e2 3.59712259978550677e-6 -1.37629042562537023e2 1.33226762955018768e-5 -2.05200602110266999e2 -1.61204383175572730e-5 -1.39358977158110491e2 0.00000000000000000e0 -2.47498205152574286e2 0.00000000000000000e0 -1.77489160346766511e2 8.70414851306122558e-6 -2.57458771801832881e2 -1.99840144432528177e-5 -2.41949965129606426e2 -2.27373675443232059e-5 -2.52930740507473189e2
-1.08801856413265320e-6 -1.65945577146331374e2 -1.63202784619897990e-6 -2.62726861388617976e2 -2.13162820728030056e-6 -3.10225978106259902e2 0.00000000000000000e0 -4.01880805023235780e2 0.00000000000000000e0 -9.96957794807684536e2 1.08801856413265324e-5 -5.52985716950615824e2 -2.84217094304040074e-6 -6.43176667425304686e2 -1.07913677993565199e-5 -7.62439512635992742e2 0.00000000000000000e0 -8.09188574479868748e2 1.61204383175572730e-5 -9.21409107412784920e2 -6.39488462184090083e-6 -9.85576036616198280e2 0.00000000000000000e0 -1.07806719382708116e3 -2.61124455391836784e-5 -1.16202003769272369e3 2.99760216648792266e-5 -1.23798864137825149e3 1.13686837721616030e-5 -1.33452182943250000e3 6.21229147457213955e1 -1.08801856413265320e-6 1.24175660998204748e2 5.44009282066326599e-7 1.33452172690340376e2 -1.08801856413265320e-6 1.23317125400035351e2 2.17603712826530640e-6 2.86202639188104456e2 1.08801856413265320e-6 2.71254019201805306e2 1.13686837721616030e-5 1.82259682901531050e2 -8.99280649946376692e-7 2.98214927552109486e2 8.88178419700125063e-6 3.19172954732493906e2 1.34336985979643920e-6 3.50093840539855648e2 -1.59872115546022521e-6 4.03907154122862210e2 1.12576614696990890e-5 4.14001303594702165e2 0.00000000000000000e0 4.74279817375133860e2 -1.49880108324396133e-4 4.86216547024298507e2 0.00000000000000000e0 5.37122832611203194e2 6.73794353645007369e-5
-2.35044974639109199e2 4.35207425653061279e-6 -3.16744630257659253e2 0.00000000000000000e0 -4.87220647071850919e2 4.35207425653061279e-6 -6.01342592210229895e2 -2.17603712826530640e-6 -7.04047825816900172e2 1.08801856413265324e-5 -1.49289555739784396e3 0.00000000000000000e0 -9.52546983512547740e2 0.00000000000000000e0 -1.14357049030289181e3 -1.08801856413265324e-5 -1.28034447488545288e3 0.00000000000000000e0 -1.38960815063704490e3 4.35207425653061279e-6 -1.55385781042127724e3 -4.35207425653061279e-6 -1.64317487261200790e3 0.00000000000000000e0 -1.81762677922137050e3 -9.24260668000442820e-5 -1.90345540329595065e3 -2.84217094304040074e-6 -2.06948193408607040e3 -4.17110790351671244e-5 -2.17603712826530640e-6 -2.12167536872698248e0 2.17603712826530640e-6 -9.52002643384019933e1 2.17603712826530640e-6 -5.19425567890863178e1 4.35207425653061279e-6 -1.97910550703284088e2 4.35207425653061279e-6 -2.96825042767068190e1 4.35207425653061279e-6 -1.23674413021745963e2 5.68434188608080149e-6 -3.06046126308245846e2 0.00000000000000000e0 -2.01886879924728618e2 4.44089209850062531e-6 -2.94601315609099800e2 -1.07469588783715136e-5 -2.64181121689688268e2 1.91846538655227016e-5 -3.25161903091952752e2 -7.50510764646605906e-6 -3.30516192592611390e2 8.70414851306122558e-6 -3.55383050487656533e2 0.00000000000000000e0 -3.98533958900770813e2 1.13686837721616030e-5 -3.89668811562326937e2
-4.26325641456060112e-6 -2.06560358151364198e2 -7.10542735760100186e-7 -3.03526969247513989e2 -1.13686837721616030e-5 -3.88978289578290060e2 -4.44089209850062531e-6 -5.01586710299761762e2 -3.19744231092045041e-6 -5.52985716950615824e2 0.00000000000000000e0 -1.39420364746456471e3 5.68434188608080149e-6 -7.59603633893046663e2 -1.79856129989275326e-5 -8.58635154088460581e2 -4.44089209850062531e-6 -1.04196080558116569e3 -1.07469588783715136e-5 -1.04079175358151565e3 6.39488462184090083e-6 -1.23956118399659613e3 -3.75255382323302978e-5 -1.25742565493247571e3 -1.74082970261224512e-5 -1.41195601460752937e3 9.99200722162640886e-6 -1.49197441317028279e3 0.00000000000000000e0 -1.57744501684264878e3 7.16021865798666113e1 -1.42108547152020037e-6 1.48387546516914881e2 -4.97379915032070130e-6 1.41459823765899273e2 -4.97379915032070130e-6 2.00764563862421113e2 -1.56319401867222041e-5 1.83094998362776067e2 2.13162820728030056e-6 3.56815862190273890e2 -7.10542735760100186e-7 4.05900755140464753e2 1.79856129989275338e-6 2.01178232472898316e2 -5.32907051820075072e-5 4.20147636681633628e2 -1.34336985979643920e-6 3.91383882236695456e2 -3.19744231092045041e-6 4.49088056342361540e2 -1.12576614696990887e-4 5.25055687328190970e2 2.17603712826530640e-6 4.92395300355497000e2 2.99760216648792266e-5 6.30075301932819798e2 0.00000000000000000e0 5.65670040941768093e2 3.52939899528337196e-5
-2.48294813331995101e2 2.84217094304040074e-6 -3.62465550551860360e2 2.84217094304040074e-6 -5.01143290421168786e2 5.68434188608080149e-6 -6.91473010761001206e2 -2.84217094304040074e-6 -7.65772443855894380e2 -2.84217094304040074e-6 -9.52546983512547740e2 5.68434188608080149e-6 -1.86148555485488032e3 5.68434188608080149e-6 -1.22751682098964898e3 -1.13686837721616030e-5 -1.34315953914665420e3 5.68434188608080149e-6 -1.56807202618125507e3 2.84217094304040074e-6 -1.64843236021283678e3 -2.84217094304040074e-6 -1.82108048485396557e3 0.00000000000000000e0 -1.96657518021225974e3 -7.10542735760100186e-5 -2.07500225002377192e3 5.68434188608080149e-6 -2.26826909965893719e3 -4.17110790351671244e-5 5.68434188608080149e-6 2.30169632686738623e1 -2.84217094304040074e-6 -9.38019809382240055e1 2.84217094304040074e-6 -4.20442916038155090e1 2.84217094304040074e-6 -1.18737420962133911e2 8.52651282912120223e-6 -1.78989799337614386e2 -5.68434188608080149e-6 -2.36342117432286614e1 0.00000000000000000e0 -1.02417826042255911e2 -3.59712259978550677e-6 -2.99864737485222577e2 4.44089209850062531e-6 -2.38717328215898306e2 0.00000000000000000e0 -2.25223715233369148e2 1.27897692436818017e-5 -3.13445644906096277e2 0.00000000000000000e0 -2.50557070557988482e2 8.70414851306122558e-6 -3.47160229807741416e2 2.99760216648792266e-5 -3.15204502499000228e2 -3.41060513164848089e-5 -3.58080241358305045e2
0.00000000000000000e0 -2.30289287039830953e2 0.00000000000000000e0 -3.53883024784007375e2 -8.99280649946376692e-7 -4.21944798401074820e2 2.22044604925031266e-6 -5.93985586017087144e2 -1.59872115546022521e-6 -6.43176667425304686e2 0.00000000000000000e0 -7.59603633893046663e2 5.68434188608080149e-6 -1.79982855539328989e3 -7.19424519957101353e-6 -9.65511766093385290e2 0.00000000000000000e0 -1.10001243975865737e3 1.61204383175572730e-5 -1.26948139520521840e3 0.00000000000000000e0 -1.32371938399433748e3 7.50510764646605906e-6 -1.48641914212710412e3 1.74082970261224512e-5 -1.56555818808801200e3 -1.99840144432528177e-5 -1.69745764821982448e3 -3.41060513164848089e-5 -1.80862803710324351e3 7.91753671625094881e1 -8.99280649946376692e-7 1.73292856064932693e2 8.99280649946376692e-7 1.58519478943297514e2 0.00000000000000000e0 2.18097460091826150e2 0.00000000000000000e0 2.79464258134964837e2 -1.79856129989275338e-6 2.13592003417417658e2 1.34892097491956503e-5 5.04195202211121796e2 8.99280649946376692e-7 4.78228071942865483e2 1.44328993201270333e-5 3.01312814698917407e2 0.00000000000000000e0 4.92120581885302443e2 -1.59872115546022521e-6 5.06867993976811647e2 2.25153229393981780e-5 5.54107373629264657e2 -4.35207425653061279e-6 6.26338167108997254e2 -1.19904086659516906e-4 6.34882596495245366e2 2.84217094304040074e-6 7.22528659480303759e2 9.94648807761677609e-5
-3.02558730069790670e2 0.00000000000000000e0 -4.13702832791074059e2 7.19424519957101353e-6 -6.25681001409361556e2 -7.19424519957101353e-6 -7.80006899070428858e2 -7.19424519957101353e-6 -9.57799341838594273e2 -1.07913677993565199e-5 -1.14357049030289181e3 -1.79856129989275326e-5 -1.22751682098964898e3 -7.19424519957101353e-6 -2.53319374916571815e3 -7.19424519957101353e-6 -1.56798940054159152e3 1.79856129989275326e-5 -1.79974479905808926e3 -1.07913677993565199e-5 -2.02946577303464414e3 -1.79856129989275326e-5 -2.10027206537510847e3 3.59712259978550677e-6 -2.38489834210042727e3 -1.83453252589060840e-4 -2.43290144030794409e3 1.79856129989275326e-5 -2.70742749535202165e3 -1.40287781391634753e-4 -3.59712259978550677e-6 -6.99726676600675890e-1 -7.19424519957101353e-6 -1.17773286723021883e2 3.59712259978550677e-6 -7.65612041764285181e1 7.19424519957101353e-6 -1.97130847245929857e2 0.00000000000000000e0 -1.39830482792646620e2 -3.59712259978550677e-6 -3.27954275336494959e2 3.59712259978550677e-6 -9.91348859002982721e1 -3.59712259978550677e-6 -1.51477929799526095e2 1.33226762955018768e-5 -5.23198956958736858e2 -2.68673971959287849e-5 -2.86963509354975997e2 1.27897692436818017e-5 -4.59757858184417444e2 -3.00204305858642362e-5 -3.99537648165804114e2 -1.74082970261224512e-5 -4.60251131606526030e2 -9.99200722162640886e-6 -5.14739082158044312e2 2.27373675443232059e-5 -4.74817693962847841e2
1.11022302462515633e-6 -2.57860528485309658e2 -1.11022302462515633e-6 -3.88278913465711582e2 -5.55111512312578186e-6 -4.89344377241351879e2 -1.11022302462515633e-6 -6.30021861347529352e2 -4.79616346638067541e-6 -7.62439512635992742e2 -1.08801856413265324e-5 -8.58635154088460581e2 -1.13686837721616030e-5 -9.65511766093385290e2 -7.19424519957101353e-6 -2.25854984492457288e3 4.44089209850062531e-6 -1.22395838061395420e3 -2.68673971959287849e-5 -1.31937025624750936e3 0.00000000000000000e0 -1.58335962811007062e3 -1.50102152929321181e-5 -1.57362612140943247e3 -4.35207425653061296e-5 -1.80949351252790439e3 -9.99200722162640886e-6 -1.87035811904934235e3 -2.27373675443232059e-5 -2.01639612603665660e3 9.69044522403095101e1 -2.22044604925031266e-6 1.88056674677028440e2 -3.33066907387546920e-6 2.00770046143716712e2 0.00000000000000000e0 2.41818872703802839e2 -9.99200722162640717e-6 3.17118440307240178e2 1.11022302462515633e-6 3.46301235554236030e2 -4.10782519111307852e-5 3.30650962609979615e2 2.22044604925031266e-6 6.07332298452334271e2 -4.88498130835068810e-5 6.59217160858815873e2 -1.34336985979643920e-6 3.71346596539368022e2 -7.99360577730112540e-6 6.32329593486247063e2 -1.01318953227291799e-4 6.56449971003780888e2 2.17603712826530640e-6 6.68129055902966115e2 1.99840144432528177e-5 8.22915096065912621e2 8.52651282912120223e-6 7.48786726489925059e2 2.88769008705003182e-5
-3.20174802226347254e2 8.88178419700125063e-6 -4.58184929996718836e2 -4.44089209850062531e-6 -6.50471307928057627e2 4.44089209850062531e-6 -8.74362093838953911e2 -4.44089209850062531e-6 -9.84930426106700338e2 0.00000000000000000e0 -1.28034447488545288e3 -4.44089209850062531e-6 -1.34315953914665420e3 0.00000000000000000e0 -1.56798940054159152e3 4.44089209850062531e-6 -3.02953235831182565e3 -4.44089209850062531e-6 -1.90095560617109504e3 4.44089209850062531e-6 -2.10560625575340009e3 -4.44089209850062531e-6 -2.35604599136962679e3 0.00000000000000000e0 -2.48116021879241043e3 -1.33226762955018768e-5 -2.69319879397933437e3 4.44089209850062531e-6 -2.86650384850872797e3 -4.44089209850062531e-6 4.44089209850062531e-6 2.17534124047347142e1 8.88178419700125063e-6 -1.25079813173556417e2 4.44089209850062531e-6 -5.44733946838959966e1 0.00000000000000000e0 -1.81754482575513492e2 -8.88178419700125063e-6 -1.57706820935743480e2 4.44089209850062531e-6 -1.85617876624632999e2 -8.88178419700125063e-6 -3.70336432631290734e2 4.44089209850062531e-6 -4.18454781936361471e1 8.88178419700125063e-6 -1.90157818380498583e2 0.00000000000000000e0 -4.90042899592424362e2 0.00000000000000000e0 -3.68574455400505428e2 -7.50510764646605906e-6 -3.96214194786637051e2 1.74082970261224512e-5 -4.54736492905283228e2 -9.99200722162640886e-6 -4.35988067870596240e2 1.13686837721616030e-5 -5.06062423077935307e2
4.03010957938931824e-6 -2.94932206001963209e2 2.68673971959287840e-6 -4.43100552238728767e2 1.34336985979643920e-6 -5.39662724674538822e2 -2.68673971959287840e-6 -7.48164041308729793e2 1.59872115546022521e-6 -8.09188574479868748e2 0.00000000000000000e0 -1.04196080558116569e3 5.68434188608080149e-6 -1.10001243975865737e3 1.79856129989275326e-5 -1.22395838061395420e3 -4.44089209850062531e-6 -2.84478011747246728e3 -5.37347943918575681e-6 -1.48398415635853075e3 1.91846538655227016e-5 -1.68211723444722270e3 -7.50510764646605906e-6 -1.89438114239770493e3 8.70414851306122558e-6 -1.95812637604486645e3 9.99200722162640886e-6 -2.17502016255366470e3 1.13686837721616030e-5 -2.25929079590292349e3 9.84418545013632098e1 0.00000000000000000e0 2.20963015939989987e2 1.34336985979643920e-6 1.91623592515899304e2 -1.34336985979643920e-6 2.90411051750982779e2 4.03010957938931824e-6 3.24614834212866242e2 -1.34336985979643920e-6 3.61926015557401058e2 -1.34336985979643920e-6 4.84667654632175982e2 1.34336985979643920e-6 3.35369427029164001e2 -5.37347943918575681e-6 7.90890744006844557e2 0.00000000000000000e0 7.52164246131670097e2 -3.19744231092045041e-6 4.53872107897268450e2 -7.50510764646605906e-6 7.48382308612960514e2 4.35207425653061279e-6 7.35238145388450334e2 1.27398092075736713e-4 8.22762158403378407e2 2.84217094304040074e-6 8.91728370788769098e2 -9.94648807761677609e-5
-3.63506808254143664e2 -1.61204383175572730e-5 -5.08196226878254663e2 5.37347943918575681e-6 -7.47183025318065461e2 0.00000000000000000e0 -9.59156735413912884e2 -1.61204383175572730e-5 -1.14702223328322361e3 1.61204383175572730e-5 -1.38960815063704490e3 -1.07469588783715136e-5 -1.56807202618125507e3 1.61204383175572730e-5 -1.79974479905808926e3 -2.68673971959287849e-5 -1.90095560617109504e3 -5.37347943918575681e-6 -3.77656289778371911e3 -1.07469588783715136e-5 -2.33809127578865582e3 -3.22408766351145459e-5 -2.53739899975791195e3 1.07469588783715136e-5 -2.92279859142041641e3 -2.41806574763359067e-4 -2.91001176155880603e3 4.29878355134860545e-5 -3.32260092363867443e3 -1.98818739249873006e-4 5.37347943918575681e-6 8.49689496540406708e0 5.37347943918575681e-6 -1.39230893125841249e2 -1.61204383175572730e-5 -8.73316524430123167e1 5.37347943918575681e-6 -2.12960211065649190e2 -1.07469588783715136e-5 -1.88999334271855417e2 2.14939177567430272e-5 -2.72776677245900601e2 5.37347943918575681e-6 -2.76940049115381726e2 -2.68673971959287849e-5 -4.45287500605573371e2 1.61204383175572730e-5 -1.83882352500219753e2 -6.98552327094148495e-5 -1.62599424413656379e2 2.55795384873636033e-5 -7.44800446028648253e2 -6.00408611717284725e-5 -4.00490785334994769e2 8.70414851306122558e-6 -5.81524935805433074e2 0.00000000000000000e0 -5.82361683276744202e2 -3.41060513164848089e-5 -5.43076234205130959e2
0.00000000000000000e0 -3.11778064165935064e2 -1.59872115546022521e-6 -4.75594566928805250e2 0.00000000000000000e0 -5.89891906521699980e2 1.59872115546022521e-6 -7.72810103910614885e2 -1.59872115546022521e-6 -9.21409107412784920e2 4.35207425653061279e-6 -1.04079175358151565e3 2.84217094304040074e-6 -1.26948139520521840e3 -1.07913677993565199e-5 -1.31937025624750936e3 4.44089209850062531e-6 -1.48398415635853075e3 -1.07469588783715136e-5 -3.36674412508841624e3 -6.39488462184090083e-6 -1.77717940270660824e3 7.50510764646605906e-6 -1.92213848486666416e3 8.70414851306122558e-6 -2.22126370547082161e3 -1.99840144432528177e-5 -2.24344932746589620e3 1.13686837721616030e-5 -2.49321980408945228e3 1.20520080315600339e2 -3.19744231092045041e-6 2.31588206212052199e2 1.59872115546022521e-6 2.51633330172751329e2 0.00000000000000000e0 2.94233335296212260e2 3.19744231092045041e-6 4.09826730951579009e2 4.79616346638067541e-6 4.01707242669857521e2 -4.79616346638067541e-6 5.26353213103902817e2 4.79616346638067541e-6 5.73303072615161000e2 -3.19744231092045041e-6 4.83182636124013186e2 0.00000000000000000e0 9.54290673638169437e2 -1.59872115546022521e-6 9.55320392392877579e2 -1.12576614696990890e-5 5.87981421817929231e2 4.35207425653061279e-6 9.00696845107518016e2 1.42386102908176326e-4 9.51394703019303734e2 0.00000000000000000e0 9.64961145655252039e2 -5.13367126586672317e-5
-3.95618462789570856e2 -6.39488462184090083e-6 -5.54637136218616320e2 6.39488462184090083e-6 -8.09594330775098456e2 6.39488462184090083e-6 -1.05585244867256711e3 6.39488462184090083e-6 -1.22608823573955283e3 -6.39488462184090083e-6 -1.55385781042127724e3 6.39488462184090083e-6 -1.64843236021283678e3 0.00000000000000000e0 -2.02946577303464414e3 0.00000000000000000e0 -2.10560625575340009e3 1.91846538655227016e-5 -2.33809127578865582e3 -6.39488462184090083e-6 -4.49247318385914605e3 6.39488462184090083e-6 -2.74141326039867317e3 -1.91846538655227016e-5 -3.03574923670168982e3 0.00000000000000000e0 -3.33227864302010357e3 -1.27897692436818017e-5 -3.47492715491171111e3 6.39488462184090083e-6 -6.39488462184090083e-6 1.40932513659208762e1 6.39488462184090083e-6 -1.57165985825713477e2 0.00000000000000000e0 -7.93108938523800902e1 1.27897692436818017e-5 -2.46169721407341029e2 0.00000000000000000e0 -1.84990928175920970e2 6.39488462184090083e-6 -2.93379848415042886e2 -6.39488462184090083e-6 -3.31386182494952607e2 0.00000000000000000e0 -2.93790854044573223e2 6.39488462184090083e-6 -6.18726944878744575e2 -6.39488462184090083e-6 -1.07722189568448798e2 -6.39488462184090083e-6 -2.97700469076289608e2 -7.50510764646605906e-6 -7.65118119261387506e2 1.74082970261224512e-5 -5.36881425716728586e2 -1.99840144432528177e-5 -6.34577446589901115e2 3.41060513164848089e-5 -6.54130835897603788e2
-1.87627691161651477e-6 -3.55655547912281406e2 -1.87627691161651477e-6 -5.29457665621180354e2 -1.31339383813156036e-5 -6.54849761971831981e2 3.75255382323302953e-6 -8.89498406653199822e2 -2.25153229393981780e-5 -9.85576036616198280e2 -4.35207425653061279e-6 -1.23956118399659613e3 -2.84217094304040074e-6 -1.32371938399433748e3 -1.79856129989275326e-5 -1.58335962811007062e3 -4.44089209850062531e-6 -1.68211723444722270e3 -3.22408766351145459e-5 -1.77717940270660824e3 6.39488462184090083e-6 -4.11850626438337076e3 -3.75255382323302978e-5 -2.10464482957028986e3 0.00000000000000000e0 -2.35732005915423315e3 -9.99200722162640886e-6 -2.64482323757420090e3 -3.41060513164848089e-5 -2.67141289307382067e3 1.21637373551308784e2 -5.62883073484954451e-6 2.65972044510842693e2 0.00000000000000000e0 2.37609554121220896e2 0.00000000000000000e0 3.53747597570119922e2 -1.68864922045486344e-5 3.92928715642337863e2 -3.75255382323302953e-6 4.62028621717180897e2 -7.69273533762771102e-5 5.56546501684351824e2 1.87627691161651477e-6 5.58659175720066401e2 -1.01318953227291799e-4 7.43969508221198225e2 -1.87627691161651477e-6 5.16014800666653173e2 -1.31339383813156036e-5 1.13014264826460908e3 0.00000000000000000e0 1.12792929161109623e3 4.35207425653061279e-6 6.26348472820836719e2 9.99200722162640886e-6 1.09211911514250914e3 1.70530256582424045e-5 1.00931364386269706e3 1.60427227058335086e-5
-4.22094624052960000e2 -1.50102152929321181e-5 -6.01000284383701569e2 -1.50102152929321181e-5 -8.62946163238120903e2 0.00000000000000000e0 -1.13672846744350431e3 -1.50102152929321181e-5 -1.32382117201679262e3 0.00000000000000000e0 -1.64317487261200790e3 -3.75255382323302978e-5 -1.82108048485396557e3 7.50510764646605906e-6 -2.10027206537510847e3 -1.50102152929321181e-5 -2.35604599136962679e3 -7.50510764646605906e-6 -2.53739899975791195e3 7.50510764646605906e-6 -2.74141326039867317e3 -3.75255382323302978e-5 -5.22870360590843666e3 1.50102152929321181e-5 -3.24388194812286156e3 -1.27586829989923017e-4 -3.40314387670126462e3 0.00000000000000000e0 -3.91739878295993549e3 -1.27586829989923017e-4 0.00000000000000000e0 2.03595708292425606e1 -1.50102152929321181e-5 -1.61385129127111810e2 -2.25153229393981780e-5 -9.16179111243309450e1 -7.50510764646605906e-6 -2.33166845609034141e2 -2.25153229393981780e-5 -2.23998305903805345e2 1.50102152929321181e-5 -2.69079963999274753e2 -7.50510764646605906e-6 -3.61065002474347864e2 -1.50102152929321181e-5 -3.31523585384019327e2 3.00204305858642362e-5 -4.35669247345060796e2 -5.25357535252624143e-5 -6.01872505479050915e2 3.75255382323302978e-5 -2.29721288214079806e2 -6.00408611717284725e-5 -2.21654325693876359e2 3.48165940522449023e-5 -9.30001823373771799e2 1.99840144432528177e-5 -5.80467375588256232e2 -1.13686837721616030e-5 -6.69506861949997869e2
2.17603712826530640e-6 -3.71081435002196201e2 8.70414851306122558e-6 -5.65797641538523408e2 0.00000000000000000e0 -6.95913096171452025e2 4.35207425653061279e-6 -9.28123534382763069e2 2.17603712826530640e-6 -1.07806719382708116e3 0.00000000000000000e0 -1.25742565493247571e3 0.00000000000000000e0 -1.48641914212710412e3 3.59712259978550677e-6 -1.57362612140943247e3 0.00000000000000000e0 -1.89438114239770493e3 1.07469588783715136e-5 -1.92213848486666416e3 -1.91846538655227016e-5 -2.10464482957028986e3 1.50102152929321181e-5 -4.73835028422797586e3 0.00000000000000000e0 -2.44274038246894406e3 0.00000000000000000e0 -2.66105266177874000e3 1.13686837721616030e-5 -3.00231596003230879e3 1.41679103071723461e2 -4.35207425653061279e-6 2.79630169286448847e2 -2.17603712826530640e-6 2.92034457860523787e2 -2.17603712826530640e-6 3.58456296067899359e2 0.00000000000000000e0 4.82614296348771120e2 -2.17603712826530640e-6 4.75536374366924917e2 1.08801856413265324e-5 6.50179981676046737e2 -2.17603712826530640e-6 6.36681020305118636e2 2.17603712826530648e-5 7.57969349507447873e2 4.35207425653061279e-6 8.69371842426858052e2 6.52811138479591961e-6 6.61204358465283690e2 6.74571509762244978e-5 1.35914711330009663e3 -2.17603712826530640e-6 1.32978025817465073e3 -2.99760216648792266e-5 8.11714365722693287e2 0.00000000000000000e0 1.24655909985449398e3 -3.20854454116670172e-5
-4.69505539690828698e2 3.48165940522449023e-5 -6.50614176578301226e2 1.74082970261224512e-5 -9.65336950642381339e2 0.00000000000000000e0 -1.23518947354739316e3 -8.70414851306122558e-6 -1.46521525969944810e3 -2.61124455391836784e-5 -1.81762677922137050e3 -1.74082970261224512e-5 -1.96657518021225974e3 1.74082970261224512e-5 -2.38489834210042727e3 -4.35207425653061296e-5 -2.48116021879241043e3 8.70414851306122558e-6 -2.92279859142041641e3 8.70414851306122558e-6 -3.03574923670168982e3 0.00000000000000000e0 -3.24388194812286156e3 0.00000000000000000e0 -6.23055505428737797e3 -8.70414851306122558e-6 -3.72407583770772999e3 2.61124455391836784e-5 -4.11270053746193298e3 -2.61124455391836784e-5 0.00000000000000000e0 6.40889066261251994e0 -1.74082970261224512e-5 -1.87439137988576448e2 0.00000000000000000e0 -1.07545464800296017e2 -8.70414851306122558e-6 -3.03051685968114214e2 0.00000000000000000e0 -2.24874540499797575e2 -8.70414851306122558e-6 -3.82077172567107880e2 0.00000000000000000e0 -3.69751680473484555e2 1.74082970261224512e-5 -4.29157285175563118e2 2.61124455391836784e-5 -5.51283312866246320e2 -2.61124455391836784e-5 -4.36620100252582631e2 0.00000000000000000e0 -9.12124948193593241e2 -8.70414851306122558e-6 -2.06998691432147524e2 1.74082970261224512e-5 -4.11349354578760483e2 1.99840144432528177e-5 -1.10785007869651486e3 -1.13686837721616030e-5 -7.23756294185306956e2
-3.99680288865056355e-5 -4.11284683810020397e2 -9.99200722162640886e-6 -6.13367396873343296e2 -9.99200722162640886e-5 -7.64378552953193207e2 -1.74860126378462155e-5 -1.02025905224234498e3 -1.34892097491956520e-4 -1.16202003769272369e3 -9.24260668000442820e-5 -1.41195601460752937e3 -7.10542735760100186e-5 -1.56555818808801200e3 -1.83453252589060840e-4 -1.80949351252790439e3 -1.33226762955018768e-5 -1.95812637604486645e3 -2.41806574763359067e-4 -2.22126370547082161e3 0.00000000000000000e0 -2.35732005915423315e3 -1.27586829989923017e-4 -2.44274038246894406e3 -8.70414851306122558e-6 -5.57580232984911072e3 -2.99760216648792266e-5 -2.85313873007453367e3 -1.13686837721616030e-4 -3.09137610519094551e3 1.48594324345108220e2 -4.24660306919122377e-5 3.08578110563839687e2 -2.49800180540660222e-5 2.95969438957044417e2 -3.49720252756924310e-5 4.09476123008900572e2 -1.32394095686549917e-4 4.82199627727109032e2 7.49400541621980665e-6 5.49319449927310188e2 7.49400541621980665e-6 6.57217427146861155e2 3.74700270810990332e-5 7.07561148471924525e2 9.99200722162640886e-6 8.24861108306151777e2 -6.49480469405716576e-5 8.51477204788508743e2 -9.74220704108574864e-5 1.02810853590540296e3 -2.49800180540660222e-6 7.86093238014373810e2 8.49320613838244753e-5 1.51759405753182341e3 2.49800180540660222e-6 1.60318505471046547e3 2.01794136955868453e-4 8.49956256843142910e2 3.20854454116670198e-6
-4.83700629549943528e2 1.99840144432528177e-5 -6.93583750432935631e2 9.99200722162640886e-6 -9.86636692346110067e2 0.00000000000000000e0 -1.31432228100969451e3 -9.99200722162640886e-6 -1.51001292469921123e3 2.99760216648792266e-5 -1.90345540329595065e3 9.99200722162640886e-6 -2.07500225002377192e3 -1.99840144432528177e-5 -2.43290144030794409e3 -9.99200722162640886e-6 -2.69319879397933437e3 9.99200722162640886e-6 -2.91001176155880603e3 -1.99840144432528177e-5 -3.33227864302010357e3 -9.99200722162640886e-6 -3.40314387670126462e3 0.00000000000000000e0 -3.72407583770772999e3 -2.99760216648792266e-5 -6.96816140788314442e3 0.00000000000000000e0 -4.25414950768754352e3 -3.99680288865056355e-5 2.99760216648792266e-5 2.81900702781001655e1 0.00000000000000000e0 -1.86778752464533682e2 -1.99840144432528177e-5 -9.83240089347248158e1 -9.99200722162640886e-6 -2.66822953731704615e2 -9.99200722162640886e-6 -2.53453388276980718e2 9.99200722162640886e-6 -2.96342740346844380e2 0.00000000000000000e0 -4.26315333035276467e2 9.99200722162640886e-6 -3.32716824091860985e2 0.00000000000000000e0 -5.55866582763187012e2 -2.99760216648792266e-5 -4.53853604698295499e2 0.00000000000000000e0 -5.71488996126134907e2 -2.99760216648792266e-5 -8.67650681302123417e2 9.99200722162640886e-6 -2.31523920035670017e2 -9.99200722162640886e-6 -3.51186290048488559e2 1.13686837721616030e-5 -1.13739322959993683e3
-2.84217094304040074e-6 -4.35115754271464539e2 -5.68434188608080149e-6 -6.57639037626722711e2 8.52651282912120223e-6 -8.08294555554311955e2 0.00000000000000000e0 -1.09078368950576987e3 8.52651282912120223e-6 -1.23798864137825149e3 -2.84217094304040074e-6 -1.49197441317028279e3 5.68434188608080149e-6 -1.69745764821982448e3 1.79856129989275326e-5 -1.87035811904934235e3 4.44089209850062531e-6 -2.17502016255366470e3 4.29878355134860545e-5 -2.24344932746589620e3 -1.27897692436818017e-5 -2.64482323757420090e3 0.00000000000000000e0 -2.66105266177874000e3 2.61124455391836784e-5 -2.85313873007453367e3 0.00000000000000000e0 -6.35402641364635201e3 2.27373675443232059e-5 -3.24882588312869166e3 1.61420734912098851e2 2.84217094304040074e-6 3.30821228544664336e2 2.84217094304040074e-6 3.25719824445513950e2 2.84217094304040074e-6 4.31533268852035690e2 -2.84217094304040074e-6 5.42156720939601655e2 5.68434188608080149e-6 5.63422085519960092e2 3.69482222595252097e-5 7.52605015463814198e2 -2.84217094304040074e-6 7.21404523718049859e2 4.83169060316868126e-5 9.29372507840753201e2 5.68434188608080149e-6 9.25602102164191251e2 1.13686837721616030e-5 1.03817187167010138e3 1.10844666778575629e-4 1.20790046147511998e3 2.84217094304040074e-6 8.86396129295974220e2 -5.68434188608080149e-6 1.81268993815209001e3 -5.68434188608080149e-6 1.78026123194285901e3 -1.28341781646668079e-5
-5.37189225724432617e2 -1.13686837721616030e-5 -7.44847000078152632e2 1.13686837721616030e-5 -1.10583979449074832e3 0.00000000000000000e0 -1.41110631375340745e3 -1.13686837721616030e-5 -1.68358644714317052e3 1.13686837721616030e-5 -2.06948193408607040e3 0.00000000000000000e0 -2.26826909965893719e3 -3.41060513164848089e-5 -2.70742749535202165e3 -2.27373675443232059e-5 -2.86650384850872797e3 1.13686837721616030e-5 -3.32260092363867443e3 1.13686837721616030e-5 -3.47492715491171111e3 -3.41060513164848089e-5 -3.91739878295993549e3 1.13686837721616030e-5 -4.11270053746193298e3 -1.13686837721616030e-4 -4.25414950768754352e3 2.27373675443232059e-5 -8.20347281660360750e3 -1.02318153949454427e-4 0.00000000000000000e0 4.84127440358861350e0 1.13686837721616030e-5 -2.13776900181983365e2 -1.13686837721616030e-5 -1.30548664856178220e2 1.13686837721616030e-5 -3.43765111665561562e2 -1.13686837721616030e-5 -2.68476935616490664e2 -1.13686837721616030e-5 -4.36988034380192403e2 0.00000000000000000e0 -4.26303586209542118e2 -1.13686837721616030e-5 -5.10676511566998670e2 2.27373675443232059e-5 -5.94239759266201872e2 -2.27373675443232059e-5 -5.76840955091029173e2 1.13686837721616030e-5 -7.82164056545298081e2 -4.54747350886464119e-5 -6.13770419022330316e2 0.00000000000000000e0 -1.19891614076550468e3 -1.13686837721616030e-5 -3.42987357271340443e2 -5.68434188608080149e-5 -4.78342997212166665e2
-2.88769008705003182e-5 -4.64325447335767137e2 3.20854454116670198e-6 -6.96965807778226917e2 -6.09623462821673389e-5 -8.69507026302063082e2 -1.60427227058335086e-5 -1.14903492619555777e3 -7.05879799056674393e-5 -1.33452182943250000e3 -4.17110790351671244e-5 -1.57744501684264878e3 -4.17110790351671244e-5 -1.80862803710324351e3 -1.40287781391634753e-4 -2.01639612603665660e3 -4.44089209850062531e-6 -2.25929079590292349e3 -1.98818739249873006e-4 -2.49321980408945228e3 6.39488462184090083e-6 -2.67141289307382067e3 -1.27586829989923017e-4 -3.00231596003230879e3 -2.61124455391836784e-5 -3.09137610519094551e3 -3.99680288865056355e-5 -3.24882588312869166e3 -1.02318153949454427e-4 -7.21523023314851616e3 1.77039957327540492e2 -3.20854454116670172e-5 3.51016312905016946e2 -9.62563362350010551e-6 3.59117297499267295e2 -2.24598117881669134e-5 4.62746143958803145e2 -6.09623462821673389e-5 5.81798849053072217e2 9.62563362350010551e-6 6.29187428402566638e2 -1.66844316140668498e-4 7.76030386961945510e2 2.56683563293336158e-5 8.38098572941703310e2 -1.76469949764168605e-4 9.38266424554967557e2 -3.85025344940004220e-5 1.06480037826983676e3 -5.77538017410006365e-5 1.10654015870181843e3 0.00000000000000000e0 1.24100349494504781e3 3.85025344940004220e-5 1.35763664079746582e3 3.20854454116670198e-6 1.10233633221490390e3 1.41175959811334879e-4 2.00762793838293874e3 2.24598117881669134e-5
0.00000000000000000e0 3.34588193595664052e1 -3.99680288865056302e-7 2.10090627561498877e1 2.84217094304040074e-6 4.53227580465842479e1 -3.33066907387546920e-6 4.64720178339206242e1 1.59872115546022521e-6 6.21229147457213955e1 -2.17603712826530640e-6 7.16021865798666113e1 5.68434188608080149e-6 7.91753671625094881e1 -3.59712259978550677e-6 9.69044522403095101e1 4.44089209850062531e-6 9.84418545013632098e1 5.37347943918575681e-6 1.20520080315600339e2 -6.39488462184090083e-6 1.21637373551308784e2 0.00000000000000000e0 1.41679103071723461e2 0.00000000000000000e0 1.48594324345108220e2 2.99760216648792266e-5 1.61420734912098851e2 0.00000000000000000e0 1.77039957327540492e2 -1.03620541835880431e2 -1.77635683940025046e-7 -9.72679700783629499e1 -1.77635683940025046e-7 -1.22227437060473676e2 -2.77555756156289082e-7 -1.68493899943555874e2 -1.59872115546022521e-6 -1.92624449191214325e2 -1.63202784619897990e-6 -2.42340970357801638e2 -7.10542735760100186e-6 -2.64855881937364757e2 1.79856129989275338e-6 -3.13016712949476471e2 -6.66133814775093840e-6 -3.40374328722248208e2 -1.34336985979643920e-6 -3.80636531094324880e2 0.00000000000000000e0 -4.17731430246703837e2 -1.12576614696990890e-5 -4.47727133412456681e2 0.00000000000000000e0 -4.93886599528536806e2 1.64868119156835746e-4 -5.17333725857938020e2 8.52651282912120223e-6 -5.66333926599327242e2 -5.13367126586672317e-5
-1.23759924974820024e1 -4.99600361081320337e-7 2.42893397395249586e1 -3.55271367880050093e-7 -3.31765264149908035e0 2.77555756156289082e-7 4.74152050955467441e0 -1.19904086659516885e-6 1.50014880517801412e1 -1.08801856413265320e-6 -2.12167536872698248e0 -1.42108547152020037e-6 2.30169632686738623e1 -8.99280649946376692e-7 -6.99726676600675890e-1 -2.22044604925031266e-6 2.17534124047347142e1 0.00000000000000000e0 8.49689496540406708e0 -3.19744231092045041e-6 1.40932513659208762e1 -5.62883073484954451e-6 2.03595708292425606e1 -4.35207425653061279e-6 6.40889066261251994e0 -4.24660306919122377e-5 2.81900702781001655e1 2.84217094304040074e-6 4.84127440358861350e0 -3.20854454116670172e-5 -1.77635683940025046e-7 -1.45054197853156069e2 0.00000000000000000e0 -1.32835451260859827e2 -2.13162820728030056e-6 -1.23497958248730541e2 0.00000000000000000e0 -1.95295833105291166e2 0.00000000000000000e0 -2.03222004369063541e2 0.00000000000000000e0 -2.55605362298183536e2 2.84217094304040074e-6 -2.87955301703224336e2 -1.07913677993565199e-5 -3.14174883886408850e2 -4.44089209850062531e-6 -3.70716963116191039e2 1.07469588783715136e-5 -3.78771054521109761e2 -1.27897692436818017e-5 -4.44541110145024788e2 -7.50510764646605906e-6 -4.53486194107455219e2 8.70414851306122558e-6 -5.08286185640916017e2 0.00000000000000000e0 -5.36176153786982468e2 -1.13686837721616030e-5 -5.67794354267014910e2
7.99360577730112603e-7 4.48686503951023425e1 0.00000000000000000e0 8.42517479782145386e1 -1.42108547152020037e-6 7.01909546485523919e1 -3.33066907387546920e-6 1.10987282564423126e2 0.00000000000000000e0 1.24175660998204748e2 2.17603712826530640e-6 1.48387546516914881e2 -2.84217094304040074e-6 1.73292856064932693e2 -7.19424519957101353e-6 1.88056674677028440e2 8.88178419700125063e-6 2.20963015939989987e2 5.37347943918575681e-6 2.31588206212052199e2 6.39488462184090083e-6 2.65972044510842693e2 -1.50102152929321181e-5 2.79630169286448847e2 -1.74082970261224512e-5 3.08578110563839687e2 0.00000000000000000e0 3.30821228544664336e2 1.13686837721616030e-5 3.51016312905016946e2 -9.72679700783629499e1 0.00000000000000000e0 -2.98488378014383159e2 3.99680288865056302e-7 -2.36651783325214637e2 -3.99680288865056302e-7 -2.74825301405101584e2 1.19904086659516885e-6 -3.55716652933324383e2 -1.08801856413265320e-6 -4.01098844449165824e2 7.10542735760100186e-6 -4.80921724488325708e2 8.99280649946376692e-7 -5.29430820783716058e2 6.66133814775093840e-6 -6.02861534026999266e2 1.34336985979643920e-6 -6.60592381063196399e2 -3.19744231092045041e-6 -7.22836274036353529e2 9.38138455808257446e-6 -7.91971771185728926e2 2.17603712826530640e-6 -8.44040524050626459e2 -1.59872115546022542e-4 -9.20380321955960312e2 0.00000000000000000e0 -9.69125903793610632e2 5.77538017410006365e-5
-5.50162152279654038e1 0.00000000000000000e0 -2.01084221274072625e1 5.32907051820075139e-7 -2.12390673937079555e1 -2.77555756156289082e-7 -7.88253773364999546e1 0.00000000000000000e0 -6.40054105716103408e1 5.44009282066326599e-7 -9.52002643384019933e1 -4.97379915032070130e-6 -9.38019809382240055e1 8.99280649946376692e-7 -1.17773286723021883e2 -3.33066907387546920e-6 -1.25079813173556417e2 1.34336985979643920e-6 -1.39230893125841249e2 1.59872115546022521e-6 -1.57165985825713477e2 0.00000000000000000e0 -1.61385129127111810e2 -2.17603712826530640e-6 -1.87439137988576448e2 -2.49800180540660222e-5 -1.86778752464533682e2 2.84217094304040074e-6 -2.13776900181983365e2 -9.62563362350010551e-6 -1.77635683940025046e-7 -1.32835451260859827e2 3.99680288865056302e-7 -4.13224347539653536e2 0.00000000000000000e0 -2.83414012813842874e2 1.11022302462515633e-6 -3.35031328280166406e2 1.59872115546022521e-6 -4.08911711546888682e2 2.17603712826530640e-6 -4.68023613819923412e2 0.00000000000000000e0 -5.47786389748505712e2 0.00000000000000000e0 -5.99890712660311351e2 4.44089209850062531e-6 -6.85070400174847464e2 0.00000000000000000e0 -7.35146359787108736e2 0.00000000000000000e0 -8.18005081437700596e2 0.00000000000000000e0 -8.74697823327608035e2 0.00000000000000000e0 -9.47110719851096405e2 0.00000000000000000e0 -1.01659462927727873e3 0.00000000000000000e0 -1.07595053820963562e3
1.42108547152020037e-6 2.88286926775072061e1 7.10542735760100186e-7 5.88656405398069182e1 -7.10542735760100186e-7 1.26948739165300140e2 0.00000000000000000e0 6.99808971660331736e1 0.00000000000000000e0 1.33452172690340376e2 2.17603712826530640e-6 1.41459823765899273e2 2.84217094304040074e-6 1.58519478943297514e2 3.59712259978550677e-6 2.00770046143716712e2 4.44089209850062531e-6 1.91623592515899304e2 -1.61204383175572730e-5 2.51633330172751329e2 0.00000000000000000e0 2.37609554121220896e2 -2.25153229393981780e-5 2.92034457860523787e2 0.00000000000000000e0 2.95969438957044417e2 -1.99840144432528177e-5 3.25719824445513950e2 -1.13686837721616030e-5 3.59117297499267295e2 -1.22227437060473676e2 -2.13162820728030056e-6 -2.36651783325214637e2 0.00000000000000000e0 -5.71438852148276055e2 7.10542735760100186e-7 -4.31169460135549741e2 -2.13162820728030056e-6 -4.49778336175654601e2 7.10542735760100186e-7 -5.93449470143170174e2 -2.13162820728030056e-5 -6.25655044927952986e2 0.00000000000000000e0 -7.60722091719401192e2 -1.55431223447521882e-5 -8.11127476296746750e2 2.68673971959287840e-6 -9.17812201262080293e2 -1.59872115546022521e-6 -1.00330628924893961e3 -3.37729844090972687e-5 -1.07283184220818862e3 0.00000000000000000e0 -1.19182889601887587e3 9.49240686054508842e-5 -1.23640696680915607e3 8.52651282912120223e-6 -1.36774277734730276e3 -1.66844316140668498e-4
-3.62594251845926792e1 2.77555756156289082e-7 -3.51973886036915857e1 2.77555756156289082e-7 -1.15306860948294343e1 -2.77555756156289082e-7 8.42667602363178325e0 -7.99360577730112603e-7 -5.87571415522347635e1 -1.08801856413265320e-6 -5.19425567890863178e1 -4.97379915032070130e-6 -4.20442916038155090e1 0.00000000000000000e0 -7.65612041764285181e1 0.00000000000000000e0 -5.44733946838959966e1 -1.34336985979643920e-6 -8.73316524430123167e1 0.00000000000000000e0 -7.93108938523800902e1 0.00000000000000000e0 -9.16179111243309450e1 -2.17603712826530640e-6 -1.07545464800296017e2 -3.49720252756924310e-5 -9.83240089347248158e1 2.84217094304040074e-6 -1.30548664856178220e2 -2.24598117881669134e-5 -2.77555756156289082e-7 -1.23497958248730541e2 -3.99680288865056302e-7 -2.83414012813842874e2 7.10542735760100186e-7 -6.48743764264381070e2 1.11022302462515633e-6 -4.51116062105683056e2 1.59872115546022521e-6 -4.41624524871730898e2 2.17603712826530640e-6 -5.71980014996142927e2 2.84217094304040074e-6 -6.21178277115941228e2 1.43884903991420271e-5 -7.09144304389397348e2 -8.88178419700125063e-6 -7.97501622096241590e2 5.37347943918575681e-6 -8.52950200069812922e2 0.00000000000000000e0 -9.63457208513762907e2 7.50510764646605906e-6 -1.00938475768863600e3 8.70414851306122558e-6 -1.11613160463930330e3 0.00000000000000000e0 -1.17742534655462805e3 0.00000000000000000e0 -1.26106004281201194e3
1.11022302462515633e-6 5.72225433703721293e1 -2.22044604925031266e-6 4.47214698606757040e1 -1.11022302462515633e-6 1.26195864869060856e2 1.11022302462515633e-6 1.92714219027223493e2 1.59872115546022521e-6 1.23317125400035351e2 4.35207425653061279e-6 2.00764563862421113e2 2.84217094304040074e-6 2.18097460091826150e2 7.19424519957101353e-6 2.41818872703802839e2 0.00000000000000000e0 2.90411051750982779e2 5.37347943918575681e-6 2.94233335296212260e2 1.27897692436818017e-5 3.53747597570119922e2 -7.50510764646605906e-6 3.58456296067899359e2 -8.70414851306122558e-6 4.09476123008900572e2 -9.99200722162640886e-6 4.31533268852035690e2 1.13686837721616030e-5 4.62746143958803145e2 -1.68493899943555874e2 0.00000000000000000e0 -2.74825301405101584e2 1.11022302462515633e-6 -4.31169460135549741e2 1.11022302462515633e-6 -9.56962358245050268e2 3.33066907387546920e-6 -6.79657017066403910e2 -1.11022302462515633e-6 -7.07523707843549118e2 7.77156117237609409e-6 -8.79388397834190982e2 1.11022302462515633e-6 -9.43212416171235077e2 7.77156117237609409e-6 -1.09598704334246099e3 4.03010957938931824e-6 -1.18341345110017915e3 0.00000000000000000e0 -1.30747888036353265e3 1.31339383813156036e-5 -1.42532818823148955e3 -4.35207425653061279e-6 -1.52069399650400760e3 -1.32394095686549917e-4 -1.66121442601863123e3 2.84217094304040074e-6 -1.74259894265560433e3 9.94648807761677609e-5
-7.30914912594471247e1 -1.19904086659516885e-6 -3.39253493297775250e1 -7.99360577730112603e-7 -1.17437002700171433e2 0.00000000000000000e0 -6.95425383945291600e1 -7.59392548843606989e-6 -3.06052703180625905e1 2.17603712826530640e-6 -1.97910550703284088e2 -1.56319401867222041e-5 -1.18737420962133911e2 0.00000000000000000e0 -1.97130847245929857e2 -9.99200722162640717e-6 -1.81754482575513492e2 4.03010957938931824e-6 -2.12960211065649190e2 3.19744231092045041e-6 -2.46169721407341029e2 -1.68864922045486344e-5 -2.33166845609034141e2 0.00000000000000000e0 -3.03051685968114214e2 -1.32394095686549917e-4 -2.66822953731704615e2 -2.84217094304040074e-6 -3.43765111665561562e2 -6.09623462821673389e-5 -1.59872115546022521e-6 -1.95295833105291166e2 1.19904086659516885e-6 -3.35031328280166406e2 -2.13162820728030056e-6 -4.51116062105683056e2 3.33066907387546920e-6 -1.11576144323777248e3 -1.59872115546022521e-6 -6.97305969921124642e2 4.35207425653061279e-6 -7.32298987315971317e2 0.00000000000000000e0 -8.98451461928128992e2 0.00000000000000000e0 -9.39077282602340688e2 -4.44089209850062531e-6 -1.12345325643525825e3 -1.61204383175572730e-5 -1.15565838338937942e3 -6.39488462184090083e-6 -1.33172948219018053e3 -7.50510764646605906e-6 -1.38981894606260403e3 -2.61124455391836784e-5 -1.52394651897758149e3 -9.99200722162640886e-6 -1.63433533657553198e3 -2.27373675443232059e-5 -1.71415638638983091e3
0.00000000000000000e0 7.01934734337328194e1 0.00000000000000000e0 8.95137819867386355e1 3.19744231092045041e-6 9.33620524889988559e1 0.00000000000000000e0 1.94716780299586361e2 -3.19744231092045041e-6 2.86202639188104456e2 4.35207425653061279e-6 1.83094998362776067e2 8.52651282912120223e-6 2.79464258134964837e2 0.00000000000000000e0 3.17118440307240178e2 -8.88178419700125063e-6 3.24614834212866242e2 -1.07469588783715136e-5 4.09826730951579009e2 0.00000000000000000e0 3.92928715642337863e2 -2.25153229393981780e-5 4.82614296348771120e2 0.00000000000000000e0 4.82199627727109032e2 -9.99200722162640886e-6 5.42156720939601655e2 -1.13686837721616030e-5 5.81798849053072217e2 -1.92624449191214325e2 0.00000000000000000e0 -3.55716652933324383e2 1.59872115546022521e-6 -4.49778336175654601e2 1.59872115546022521e-6 -6.79657017066403910e2 -1.59872115546022521e-6 -1.39979699511627564e3 -6.39488462184090083e-6 -9.80709362563558670e2 -6.39488462184090083e-6 -9.64741022357884503e2 0.00000000000000000e0 -1.20598577244557237e3 -1.27897692436818017e-5 -1.25962701158499590e3 3.19744231092045041e-6 -1.45177933461582120e3 0.00000000000000000e0 -1.56172581426972079e3 -3.56492613207137833e-5 -1.69327190144841234e3 2.17603712826530640e-6 -1.86050560824213539e3 8.24340595784178731e-5 -1.94542242315520753e3 5.68434188608080149e-6 -2.14201254493673332e3 6.41708908233340345e-5
-6.73938990169986454e1 5.44009282066326599e-7 -3.77539150497874161e1 -1.08801856413265320e-6 -5.76073503566476575e1 1.08801856413265320e-6 -1.41497720207439642e2 1.08801856413265320e-6 -3.78167753112279499e1 1.08801856413265320e-6 -2.96825042767068190e1 2.13162820728030056e-6 -1.78989799337614386e2 -1.79856129989275338e-6 -1.39830482792646620e2 1.11022302462515633e-6 -1.57706820935743480e2 -1.34336985979643920e-6 -1.88999334271855417e2 4.79616346638067541e-6 -1.84990928175920970e2 -3.75255382323302953e-6 -2.23998305903805345e2 -2.17603712826530640e-6 -2.24874540499797575e2 7.49400541621980665e-6 -2.53453388276980718e2 5.68434188608080149e-6 -2.68476935616490664e2 9.62563362350010551e-6 -1.63202784619897990e-6 -2.03222004369063541e2 -1.08801856413265320e-6 -4.08911711546888682e2 7.10542735760100186e-7 -4.41624524871730898e2 -1.11022302462515633e-6 -6.97305969921124642e2 -6.39488462184090083e-6 -1.51622799799966378e3 -2.17603712826530640e-6 -9.52336530701813899e2 0.00000000000000000e0 -9.37936975986541711e2 -7.19424519957101353e-6 -1.13248181943248460e3 0.00000000000000000e0 -1.20979647076913102e3 0.00000000000000000e0 -1.35723530014786297e3 1.91846538655227016e-5 -1.47247039614661935e3 7.50510764646605906e-6 -1.58977784185942960e3 1.74082970261224512e-5 -1.72656382940727940e3 9.99200722162640886e-6 -1.83160451001640467e3 -4.54747350886464119e-5 -1.97190595010443531e3
-4.35207425653061279e-6 7.26366938152977895e1 0.00000000000000000e0 8.77603194116005483e1 4.35207425653061279e-6 1.50420564093423053e2 4.35207425653061279e-6 1.02402470680829069e2 0.00000000000000000e0 2.71254019201805306e2 4.35207425653061279e-6 3.56815862190273890e2 -5.68434188608080149e-6 2.13592003417417658e2 -3.59712259978550677e-6 3.46301235554236030e2 4.44089209850062531e-6 3.61926015557401058e2 2.14939177567430272e-5 4.01707242669857521e2 6.39488462184090083e-6 4.62028621717180897e2 1.50102152929321181e-5 4.75536374366924917e2 -8.70414851306122558e-6 5.49319449927310188e2 9.99200722162640886e-6 5.63422085519960092e2 -1.13686837721616030e-5 6.29187428402566638e2 -2.42340970357801638e2 0.00000000000000000e0 -4.01098844449165824e2 2.17603712826530640e-6 -5.93449470143170174e2 2.17603712826530640e-6 -7.07523707843549118e2 4.35207425653061279e-6 -9.80709362563558670e2 -2.17603712826530640e-6 -1.99737037060998523e3 0.00000000000000000e0 -1.33336297096775525e3 -4.35207425653061279e-6 -1.34306390249250262e3 0.00000000000000000e0 -1.59934365306924042e3 -4.35207425653061279e-6 -1.69032779684385991e3 2.17603712826530640e-6 -1.90891524667335921e3 2.17603712826530640e-6 -2.03628006523182171e3 0.00000000000000000e0 -2.21726223870177773e3 -2.49800180540660222e-6 -2.38040615219148322e3 5.68434188608080149e-6 -2.53012941584529472e3 -1.92512672470002110e-5
-8.82303694993424870e1 -6.39488462184090167e-6 -4.58927914337436960e1 -7.10542735760100186e-6 -1.00090959165299864e2 -1.42108547152020037e-6 -1.12616702629964024e2 -2.91322521661641076e-5 -1.92228944762007330e2 1.13686837721616030e-5 -1.23674413021745963e2 -7.10542735760100186e-7 -2.36342117432286614e1 1.34892097491956503e-5 -3.27954275336494959e2 -4.10782519111307852e-5 -1.85617876624632999e2 -1.34336985979643920e-6 -2.72776677245900601e2 -4.79616346638067541e-6 -2.93379848415042886e2 -7.69273533762771102e-5 -2.69079963999274753e2 1.08801856413265324e-5 -3.82077172567107880e2 7.49400541621980665e-6 -2.96342740346844380e2 3.69482222595252097e-5 -4.36988034380192403e2 -1.66844316140668498e-4 -7.10542735760100186e-6 -2.55605362298183536e2 7.10542735760100186e-6 -4.68023613819923412e2 -2.13162820728030056e-5 -5.71980014996142927e2 7.77156117237609409e-6 -7.32298987315971317e2 -6.39488462184090083e-6 -9.52336530701813899e2 0.00000000000000000e0 -2.11505856100302481e3 -2.84217094304040074e-6 -1.30861275575711011e3 -3.59712259978550677e-6 -1.23454490852381559e3 -4.44089209850062531e-6 -1.56213097700641492e3 -2.14939177567430272e-5 -1.53349673279734566e3 6.39488462184090083e-6 -1.83969396612138098e3 0.00000000000000000e0 -1.86200251506285463e3 -8.70414851306122558e-6 -2.08480943758582180e3 -2.99760216648792266e-5 -2.21367915003156668e3 -1.13686837721616030e-5 -2.32268001789659411e3
2.84217094304040074e-6 1.01469214541793917e2 2.84217094304040074e-6 1.17772702878937707e2 2.84217094304040074e-6 1.77231461861993012e2 5.68434188608080149e-6 2.33298780472068756e2 -2.84217094304040074e-6 1.82259682901531050e2 5.68434188608080149e-6 4.05900755140464753e2 0.00000000000000000e0 5.04195202211121796e2 3.59712259978550677e-6 3.30650962609979615e2 -8.88178419700125063e-6 4.84667654632175982e2 5.37347943918575681e-6 5.26353213103902817e2 -6.39488462184090083e-6 5.56546501684351824e2 -7.50510764646605906e-6 6.50179981676046737e2 0.00000000000000000e0 6.57217427146861155e2 0.00000000000000000e0 7.52605015463814198e2 0.00000000000000000e0 7.76030386961945510e2 -2.64855881937364757e2 2.84217094304040074e-6 -4.80921724488325708e2 0.00000000000000000e0 -6.25655044927952986e2 2.84217094304040074e-6 -8.79388397834190982e2 0.00000000000000000e0 -9.64741022357884503e2 0.00000000000000000e0 -1.33336297096775525e3 -2.84217094304040074e-6 -2.61981462017502054e3 5.68434188608080149e-6 -1.72949521863863220e3 2.84217094304040074e-6 -1.69367062596847950e3 -5.68434188608080149e-6 -2.00931548914873292e3 -8.52651282912120223e-6 -2.10246294614080352e3 2.84217094304040074e-6 -2.34725122103540707e3 -2.84217094304040074e-6 -2.50585929340019175e3 -1.13686837721616030e-5 -2.69001978692173816e3 5.68434188608080149e-6 -2.89920409386468236e3 -9.62563362350010551e-6
-1.02316521954914904e2 8.99280649946376692e-7 -5.09121130254364047e1 0.00000000000000000e0 -1.11552456172336875e2 0.00000000000000000e0 -1.44884926278621123e2 8.99280649946376692e-7 -1.32021481746846774e2 -8.99280649946376692e-7 -3.06046126308245846e2 1.79856129989275338e-6 -1.02417826042255911e2 8.99280649946376692e-7 -9.91348859002982721e1 2.22044604925031266e-6 -3.70336432631290734e2 1.34336985979643920e-6 -2.76940049115381726e2 4.79616346638067541e-6 -3.31386182494952607e2 1.87627691161651477e-6 -3.61065002474347864e2 -2.17603712826530640e-6 -3.69751680473484555e2 3.74700270810990332e-5 -4.26315333035276467e2 -2.84217094304040074e-6 -4.26303586209542118e2 2.56683563293336158e-5 1.79856129989275338e-6 -2.87955301703224336e2 8.99280649946376692e-7 -5.47786389748505712e2 0.00000000000000000e0 -6.21178277115941228e2 1.11022302462515633e-6 -8.98451461928128992e2 0.00000000000000000e0 -9.37936975986541711e2 -4.35207425653061279e-6 -1.30861275575711011e3 5.68434188608080149e-6 -2.75029292180484163e3 3.59712259978550677e-6 -1.65985709732474584e3 4.44089209850062531e-6 -1.61358339944017712e3 1.07469588783715136e-5 -1.89539071477895482e3 -6.39488462184090083e-6 -1.98247896181502665e3 0.00000000000000000e0 -2.20701455524441280e3 -8.70414851306122558e-6 -2.34053924241806044e3 -1.99840144432528177e-5 -2.52429121587738337e3 1.13686837721616030e-5 -2.69268979470327304e3
0.00000000000000000e0 9.47823351804544103e1 -3.59712259978550677e-6 1.21982948941834465e2 0.00000000000000000e0 1.86487929099143884e2 3.59712259978550677e-6 2.03198998827147619e2 3.59712259978550677e-6 2.98214927552109486e2 0.00000000000000000e0 2.01178232472898316e2 -3.59712259978550677e-6 4.78228071942865483e2 -3.59712259978550677e-6 6.07332298452334271e2 4.44089209850062531e-6 3.35369427029164001e2 -2.68673971959287849e-5 5.73303072615161000e2 0.00000000000000000e0 5.58659175720066401e2 -1.50102152929321181e-5 6.36681020305118636e2 1.74082970261224512e-5 7.07561148471924525e2 9.99200722162640886e-6 7.21404523718049859e2 -1.13686837721616030e-5 8.38098572941703310e2 -3.13016712949476471e2 -1.07913677993565199e-5 -5.29430820783716058e2 0.00000000000000000e0 -7.60722091719401192e2 1.43884903991420271e-5 -9.43212416171235077e2 0.00000000000000000e0 -1.20598577244557237e3 -7.19424519957101353e-6 -1.34306390249250262e3 -3.59712259978550677e-6 -1.72949521863863220e3 3.59712259978550677e-6 -3.41952514624210789e3 -3.59712259978550677e-6 -2.19358580633155452e3 0.00000000000000000e0 -2.16086325690589820e3 0.00000000000000000e0 -2.52849140665034565e3 -1.79856129989275326e-5 -2.60681181156741150e3 -7.19424519957101353e-6 -2.93758516409781078e3 2.15827355987130398e-5 -3.05474787465342979e3 0.00000000000000000e0 -3.33633788613951765e3 3.95683485976405723e-5
-1.02780869370988611e2 -6.66133814775093840e-6 -5.61666435583418817e1 -3.33066907387546920e-6 -9.68475200036067321e1 -3.33066907387546920e-6 -1.47389406235376413e2 -2.22044604925031274e-5 -1.37629042562537023e2 8.88178419700125063e-6 -2.01886879924728618e2 -5.32907051820075072e-5 -2.99864737485222577e2 1.44328993201270333e-5 -1.51477929799526095e2 -4.88498130835068810e-5 -4.18454781936361471e1 -5.37347943918575681e-6 -4.45287500605573371e2 -3.19744231092045041e-6 -2.93790854044573223e2 -1.01318953227291799e-4 -3.31523585384019327e2 2.17603712826530648e-5 -4.29157285175563118e2 9.99200722162640886e-6 -3.32716824091860985e2 4.83169060316868126e-5 -5.10676511566998670e2 -1.76469949764168605e-4 -6.66133814775093840e-6 -3.14174883886408850e2 6.66133814775093840e-6 -5.99890712660311351e2 -1.55431223447521882e-5 -7.09144304389397348e2 7.77156117237609409e-6 -9.39077282602340688e2 -1.27897692436818017e-5 -1.13248181943248460e3 0.00000000000000000e0 -1.23454490852381559e3 2.84217094304040074e-6 -1.65985709732474584e3 -3.59712259978550677e-6 -3.41304862150337794e3 8.88178419700125063e-6 -2.10068717330091886e3 -2.14939177567430272e-5 -1.88487631582745485e3 1.27897692436818017e-5 -2.35731596628374655e3 -1.50102152929321181e-5 -2.31055910813182618e3 -1.74082970261224512e-5 -2.66069158205706208e3 0.00000000000000000e0 -2.76158324652442388e3 0.00000000000000000e0 -2.94963518485680197e3
0.00000000000000000e0 1.24885901620075387e2 -4.44089209850062531e-6 1.43797391771727206e2 0.00000000000000000e0 2.31208145962114003e2 -8.88178419700125063e-6 2.69852731271669143e2 1.33226762955018768e-5 3.19172954732493906e2 4.44089209850062531e-6 4.20147636681633628e2 4.44089209850062531e-6 3.01312814698917407e2 1.33226762955018768e-5 6.59217160858815873e2 8.88178419700125063e-6 7.90890744006844557e2 1.61204383175572730e-5 4.83182636124013186e2 6.39488462184090083e-6 7.43969508221198225e2 3.00204305858642362e-5 7.57969349507447873e2 2.61124455391836784e-5 8.24861108306151777e2 0.00000000000000000e0 9.29372507840753201e2 2.27373675443232059e-5 9.38266424554967557e2 -3.40374328722248208e2 -4.44089209850062531e-6 -6.02861534026999266e2 4.44089209850062531e-6 -8.11127476296746750e2 -8.88178419700125063e-6 -1.09598704334246099e3 -4.44089209850062531e-6 -1.25962701158499590e3 0.00000000000000000e0 -1.59934365306924042e3 -4.44089209850062531e-6 -1.69367062596847950e3 4.44089209850062531e-6 -2.19358580633155452e3 8.88178419700125063e-6 -4.23293805340563176e3 -8.88178419700125063e-6 -2.69947289917027410e3 -4.44089209850062531e-6 -2.61520828033212592e3 8.88178419700125063e-6 -3.04232559060757558e3 8.88178419700125063e-6 -3.12735831080601611e3 2.08721928629529402e-4 -3.47990921079066584e3 0.00000000000000000e0 -3.63495000783586875e3 2.13162820728030029e-4
-1.34943512097862595e2 1.34336985979643920e-6 -6.53207320788773416e1 -1.34336985979643920e-6 -1.58606386468918004e2 -1.34336985979643920e-6 -1.74020554799536569e2 0.00000000000000000e0 -2.05200602110266999e2 1.34336985979643920e-6 -2.94601315609099800e2 -1.34336985979643920e-6 -2.38717328215898306e2 0.00000000000000000e0 -5.23198956958736858e2 -1.34336985979643920e-6 -1.90157818380498583e2 0.00000000000000000e0 -1.83882352500219753e2 0.00000000000000000e0 -6.18726944878744575e2 -1.87627691161651477e-6 -4.35669247345060796e2 4.35207425653061279e-6 -5.51283312866246320e2 -6.49480469405716576e-5 -5.55866582763187012e2 5.68434188608080149e-6 -5.94239759266201872e2 -3.85025344940004220e-5 -1.34336985979643920e-6 -3.70716963116191039e2 1.34336985979643920e-6 -6.85070400174847464e2 2.68673971959287840e-6 -7.97501622096241590e2 4.03010957938931824e-6 -1.12345325643525825e3 3.19744231092045041e-6 -1.20979647076913102e3 -4.35207425653061279e-6 -1.56213097700641492e3 -5.68434188608080149e-6 -1.61358339944017712e3 0.00000000000000000e0 -2.10068717330091886e3 -8.88178419700125063e-6 -4.34716122317269037e3 5.37347943918575681e-6 -2.54911772170629501e3 -6.39488462184090083e-6 -2.46192413613233202e3 -1.50102152929321181e-5 -2.83450001399287930e3 0.00000000000000000e0 -2.92103224858175645e3 -1.99840144432528177e-5 -3.23821043082261895e3 0.00000000000000000e0 -3.36700797212152702e3
0.00000000000000000e0 1.23954612307741726e2 0.00000000000000000e0 1.57034622239038413e2 -5.37347943918575681e-6 2.33518552317235589e2 0.00000000000000000e0 2.82635453707769102e2 -1.61204383175572730e-5 3.50093840539855648e2 -1.07469588783715136e-5 3.91383882236695456e2 0.00000000000000000e0 4.92120581885302443e2 -2.68673971959287849e-5 3.71346596539368022e2 0.00000000000000000e0 7.52164246131670097e2 -6.98552327094148495e-5 9.54290673638169437e2 -6.39488462184090083e-6 5.16014800666653173e2 -5.25357535252624143e-5 8.69371842426858052e2 -2.61124455391836784e-5 8.51477204788508743e2 -2.99760216648792266e-5 9.25602102164191251e2 -2.27373675443232059e-5 1.06480037826983676e3 -3.80636531094324880e2 1.07469588783715136e-5 -6.60592381063196399e2 0.00000000000000000e0 -9.17812201262080293e2 5.37347943918575681e-6 -1.18341345110017915e3 -1.61204383175572730e-5 -1.45177933461582120e3 0.00000000000000000e0 -1.69032779684385991e3 -2.14939177567430272e-5 -2.00931548914873292e3 1.07469588783715136e-5 -2.16086325690589820e3 -2.14939177567430272e-5 -2.69947289917027410e3 5.37347943918575681e-6 -5.18588003064479562e3 -5.37347943918575681e-6 -3.28985829298744602e3 -5.91082738310433274e-5 -3.12856685011908621e3 0.00000000000000000e0 -3.67928628772773391e3 1.07469588783715136e-5 -3.68751659207688954e3 1.07469588783715136e-5 -4.16254954416217515e3 5.37347943918575681e-6
-1.22656014944766397e2 -1.59872115546022521e-6 -6.69750814807912178e1 3.19744231092045041e-6 -1.09181294405402681e2 -4.79616346638067541e-6 -1.81414104538646342e2 -1.59872115546022521e-6 -1.39358977158110491e2 -1.59872115546022521e-6 -2.64181121689688268e2 -3.19744231092045041e-6 -2.25223715233369148e2 -1.59872115546022521e-6 -2.86963509354975997e2 -7.99360577730112540e-6 -4.90042899592424362e2 -3.19744231092045041e-6 -1.62599424413656379e2 -1.59872115546022521e-6 -1.07722189568448798e2 -1.31339383813156036e-5 -6.01872505479050915e2 6.52811138479591961e-6 -4.36620100252582631e2 -9.74220704108574864e-5 -4.53853604698295499e2 1.13686837721616030e-5 -5.76840955091029173e2 -5.77538017410006365e-5 0.00000000000000000e0 -3.78771054521109761e2 -3.19744231092045041e-6 -7.35146359787108736e2 -1.59872115546022521e-6 -8.52950200069812922e2 0.00000000000000000e0 -1.15565838338937942e3 0.00000000000000000e0 -1.35723530014786297e3 2.17603712826530640e-6 -1.53349673279734566e3 -8.52651282912120223e-6 -1.89539071477895482e3 0.00000000000000000e0 -1.88487631582745485e3 -4.44089209850062531e-6 -2.54911772170629501e3 -5.37347943918575681e-6 -5.08464114972184598e3 0.00000000000000000e0 -3.04356376450432072e3 -7.50510764646605906e-6 -2.75077388462996396e3 0.00000000000000000e0 -3.28880623734484334e3 2.99760216648792266e-5 -3.30022538435059687e3 -2.27373675443232059e-5 -3.64720082682845577e3
0.00000000000000000e0 1.42576702444330266e2 1.27897692436818017e-5 1.68755710205914482e2 1.27897692436818017e-5 2.73758251267963658e2 -6.39488462184090083e-6 3.02961847609139966e2 0.00000000000000000e0 4.03907154122862210e2 1.91846538655227016e-5 4.49088056342361540e2 1.27897692436818017e-5 5.06867993976811647e2 1.27897692436818017e-5 6.32329593486247063e2 0.00000000000000000e0 4.53872107897268450e2 2.55795384873636033e-5 9.55320392392877579e2 -6.39488462184090083e-6 1.13014264826460908e3 3.75255382323302978e-5 6.61204358465283690e2 0.00000000000000000e0 1.02810853590540296e3 0.00000000000000000e0 1.03817187167010138e3 1.13686837721616030e-5 1.10654015870181843e3 -4.17731430246703837e2 -1.27897692436818017e-5 -7.22836274036353529e2 0.00000000000000000e0 -1.00330628924893961e3 0.00000000000000000e0 -1.30747888036353265e3 -6.39488462184090083e-6 -1.56172581426972079e3 1.91846538655227016e-5 -1.90891524667335921e3 6.39488462184090083e-6 -2.10246294614080352e3 -6.39488462184090083e-6 -2.52849140665034565e3 1.27897692436818017e-5 -2.61520828033212592e3 -6.39488462184090083e-6 -3.28985829298744602e3 0.00000000000000000e0 -6.21049503024550995e3 1.91846538655227016e-5 -3.91380823590026284e3 6.39488462184090083e-6 -3.71687475269055722e3 1.91846538655227023e-4 -4.30201667289686884e3 -6.39488462184090083e-6 -4.35038665500542265e3 1.98241423277067925e-4
-1.59960646561874171e2 -9.38138455808257446e-6 -7.83942360471634601e1 -7.50510764646605906e-6 -1.86095602239255726e2 -7.50510764646605906e-6 -2.04401300918366530e2 -3.37729844090972687e-5 -2.47498205152574286e2 1.12576614696990890e-5 -3.25161903091952752e2 -1.12576614696990887e-4 -3.13445644906096277e2 2.25153229393981780e-5 -4.59757858184417444e2 -1.01318953227291799e-4 -3.68574455400505428e2 -7.50510764646605906e-6 -7.44800446028648253e2 -1.12576614696990890e-5 -2.97700469076289608e2 0.00000000000000000e0 -2.29721288214079806e2 6.74571509762244978e-5 -9.12124948193593241e2 -2.49800180540660222e-6 -5.71488996126134907e2 1.10844666778575629e-4 -7.82164056545298081e2 0.00000000000000000e0 -1.12576614696990890e-5 -4.44541110145024788e2 9.38138455808257446e-6 -8.18005081437700596e2 -3.37729844090972687e-5 -9.63457208513762907e2 1.31339383813156036e-5 -1.33172948219018053e3 -3.56492613207137833e-5 -1.47247039614661935e3 2.17603712826530640e-6 -1.83969396612138098e3 2.84217094304040074e-6 -1.98247896181502665e3 -1.79856129989275326e-5 -2.35731596628374655e3 8.88178419700125063e-6 -2.46192413613233202e3 -5.91082738310433274e-5 -3.04356376450432072e3 1.91846538655227016e-5 -6.27583119743313546e3 -3.00204305858642362e-5 -3.60991678745037279e3 8.70414851306122558e-6 -3.42323909968689213e3 -9.99200722162640886e-6 -3.95321014821092831e3 0.00000000000000000e0 -3.95628525187152673e3
-1.50102152929321181e-5 1.56358050418248268e2 0.00000000000000000e0 1.91553913175823737e2 7.50510764646605906e-6 2.87391848763363157e2 7.50510764646605906e-6 3.57956221774813400e2 0.00000000000000000e0 4.14001303594702165e2 -7.50510764646605906e-6 5.25055687328190970e2 0.00000000000000000e0 5.54107373629264657e2 -3.00204305858642362e-5 6.56449971003780888e2 -7.50510764646605906e-6 7.48382308612960514e2 -6.00408611717284725e-5 5.87981421817929231e2 -7.50510764646605906e-6 1.12792929161109623e3 -6.00408611717284725e-5 1.35914711330009663e3 -8.70414851306122558e-6 7.86093238014373810e2 -2.99760216648792266e-5 1.20790046147511998e3 -4.54747350886464119e-5 1.24100349494504781e3 -4.47727133412456681e2 -7.50510764646605906e-6 -7.91971771185728926e2 0.00000000000000000e0 -1.07283184220818862e3 7.50510764646605906e-6 -1.42532818823148955e3 -7.50510764646605906e-6 -1.69327190144841234e3 7.50510764646605906e-6 -2.03628006523182171e3 0.00000000000000000e0 -2.34725122103540707e3 0.00000000000000000e0 -2.60681181156741150e3 -1.50102152929321181e-5 -3.04232559060757558e3 -1.50102152929321181e-5 -3.12856685011908621e3 -7.50510764646605906e-6 -3.91380823590026284e3 -3.00204305858642362e-5 -7.29463026480914414e3 2.25153229393981780e-5 -4.60918192146664205e3 -2.55173659979846033e-4 -4.28380307226916557e3 1.50102152929321181e-5 -5.00859595149449888e3 -2.70183875272778150e-4
-1.50665379150538541e2 -4.35207425653061279e-6 -7.95951121901339178e1 2.17603712826530640e-6 -1.42852115470049029e2 0.00000000000000000e0 -2.17008749459068866e2 4.35207425653061279e-6 -1.77489160346766511e2 0.00000000000000000e0 -3.30516192592611390e2 2.17603712826530640e-6 -2.50557070557988482e2 -4.35207425653061279e-6 -3.99537648165804114e2 2.17603712826530640e-6 -3.96214194786637051e2 4.35207425653061279e-6 -4.00490785334994769e2 4.35207425653061279e-6 -7.65118119261387506e2 4.35207425653061279e-6 -2.21654325693876359e2 -2.17603712826530640e-6 -2.06998691432147524e2 8.49320613838244753e-5 -8.67650681302123417e2 2.84217094304040074e-6 -6.13770419022330316e2 3.85025344940004220e-5 0.00000000000000000e0 -4.53486194107455219e2 2.17603712826530640e-6 -8.74697823327608035e2 0.00000000000000000e0 -1.00938475768863600e3 -4.35207425653061279e-6 -1.38981894606260403e3 2.17603712826530640e-6 -1.58977784185942960e3 0.00000000000000000e0 -1.86200251506285463e3 -2.84217094304040074e-6 -2.20701455524441280e3 -7.19424519957101353e-6 -2.31055910813182618e3 8.88178419700125063e-6 -2.83450001399287930e3 0.00000000000000000e0 -2.75077388462996396e3 6.39488462184090083e-6 -3.60991678745037279e3 2.25153229393981780e-5 -7.16906637627800956e3 0.00000000000000000e0 -4.17265845376046946e3 -9.99200722162640886e-6 -3.82847002526887081e3 1.13686837721616030e-5 -4.43470559794434303e3
0.00000000000000000e0 1.59639985142234735e2 0.00000000000000000e0 1.95282689929854286e2 8.70414851306122558e-6 3.11880878278714079e2 0.00000000000000000e0 3.42336850600588548e2 8.70414851306122558e-6 4.74279817375133860e2 8.70414851306122558e-6 4.92395300355497000e2 8.70414851306122558e-6 6.26338167108997254e2 -1.74082970261224512e-5 6.68129055902966115e2 1.74082970261224512e-5 7.35238145388450334e2 8.70414851306122558e-6 9.00696845107518016e2 1.74082970261224512e-5 6.26348472820836719e2 3.48165940522449023e-5 1.32978025817465073e3 1.74082970261224512e-5 1.51759405753182341e3 9.99200722162640886e-6 8.86396129295974220e2 0.00000000000000000e0 1.35763664079746582e3 -4.93886599528536806e2 8.70414851306122558e-6 -8.44040524050626459e2 0.00000000000000000e0 -1.19182889601887587e3 8.70414851306122558e-6 -1.52069399650400760e3 -2.61124455391836784e-5 -1.86050560824213539e3 1.74082970261224512e-5 -2.21726223870177773e3 -8.70414851306122558e-6 -2.50585929340019175e3 -8.70414851306122558e-6 -2.93758516409781078e3 -1.74082970261224512e-5 -3.12735831080601611e3 0.00000000000000000e0 -3.67928628772773391e3 0.00000000000000000e0 -3.71687475269055722e3 8.70414851306122558e-6 -4.60918192146664205e3 0.00000000000000000e0 -8.56553863854969495e3 4.35207425653061296e-5 -5.33404238778345552e3 0.00000000000000000e0 -5.02722961073232000e3 6.96331881044898047e-5
-1.76919279226694925e2 1.59872115546022542e-4 -8.94081758628928469e1 1.54876111935209337e-4 -1.92965780854148505e2 1.87350135405495166e-4 -2.33381721448377988e2 8.24340595784178731e-5 -2.57458771801832881e2 -1.49880108324396133e-4 -3.55383050487656533e2 2.99760216648792266e-5 -3.47160229807741416e2 -1.19904086659516906e-4 -4.60251131606526030e2 1.99840144432528177e-5 -4.54736492905283228e2 1.27398092075736713e-4 -5.81524935805433074e2 1.42386102908176326e-4 -5.36881425716728586e2 9.99200722162640886e-6 -9.30001823373771799e2 -2.99760216648792266e-5 -4.11349354578760483e2 2.49800180540660222e-6 -2.31523920035670017e2 -5.68434188608080149e-6 -1.19891614076550468e3 3.20854454116670198e-6 1.64868119156835746e-4 -5.08286185640916017e2 -1.59872115546022542e-4 -9.47110719851096405e2 9.49240686054508842e-5 -1.11613160463930330e3 -1.32394095686549917e-4 -1.52394651897758149e3 8.24340595784178731e-5 -1.72656382940727940e3 -2.49800180540660222e-6 -2.08480943758582180e3 -1.13686837721616030e-5 -2.34053924241806044e3 2.15827355987130398e-5 -2.66069158205706208e3 2.08721928629529402e-4 -2.92103224858175645e3 1.07469588783715136e-5 -3.28880623734484334e3 1.91846538655227023e-4 -3.42323909968689213e3 -2.55173659979846033e-4 -4.17265845376046946e3 4.35207425653061296e-5 -8.45907857760508341e3 -2.99760216648792266e-5 -4.87740253447555006e3 -1.36424205265939236e-4 -4.44411261738553094e3
-9.99200722162640886e-6 1.86545449087915927e2 9.99200722162640886e-6 2.23157042844590592e2 0.00000000000000000e0 3.41755264088305921e2 9.99200722162640886e-6 4.21150134766179463e2 -1.99840144432528177e-5 4.86216547024298507e2 0.00000000000000000e0 6.30075301932819798e2 2.99760216648792266e-5 6.34882596495245366e2 -9.99200722162640886e-6 8.22915096065912621e2 -9.99200722162640886e-6 8.22762158403378407e2 0.00000000000000000e0 9.51394703019303734e2 -1.99840144432528177e-5 1.09211911514250914e3 1.99840144432528177e-5 8.11714365722693287e2 1.99840144432528177e-5 1.60318505471046547e3 -9.99200722162640886e-6 1.81268993815209001e3 -1.13686837721616030e-5 1.10233633221490390e3 -5.17333725857938020e2 0.00000000000000000e0 -9.20380321955960312e2 0.00000000000000000e0 -1.23640696680915607e3 0.00000000000000000e0 -1.66121442601863123e3 -9.99200722162640886e-6 -1.94542242315520753e3 9.99200722162640886e-6 -2.38040615219148322e3 -2.99760216648792266e-5 -2.69001978692173816e3 -1.99840144432528177e-5 -3.05474787465342979e3 0.00000000000000000e0 -3.47990921079066584e3 -1.99840144432528177e-5 -3.68751659207688954e3 2.99760216648792266e-5 -4.30201667289686884e3 -9.99200722162640886e-6 -4.28380307226916557e3 -9.99200722162640886e-6 -5.33404238778345552e3 -2.99760216648792266e-5 -9.80933486438573345e3 0.00000000000000000e0 -6.10726134482320049e3 -4.99600361081320443e-5
-1.84629473665154364e2 -2.84217094304040074e-6 -9.38706705255754059e1 0.00000000000000000e0 -1.92112213426298695e2 1.13686837721616030e-5 -2.53696319418850180e2 0.00000000000000000e0 -2.41949965129606426e2 0.00000000000000000e0 -3.98533958900770813e2 0.00000000000000000e0 -3.15204502499000228e2 2.84217094304040074e-6 -5.14739082158044312e2 8.52651282912120223e-6 -4.35988067870596240e2 2.84217094304040074e-6 -5.82361683276744202e2 0.00000000000000000e0 -6.34577446589901115e2 1.70530256582424045e-5 -5.80467375588256232e2 0.00000000000000000e0 -1.10785007869651486e3 2.01794136955868453e-4 -3.51186290048488559e2 -5.68434188608080149e-6 -3.42987357271340443e2 1.41175959811334879e-4 8.52651282912120223e-6 -5.36176153786982468e2 0.00000000000000000e0 -1.01659462927727873e3 8.52651282912120223e-6 -1.17742534655462805e3 2.84217094304040074e-6 -1.63433533657553198e3 5.68434188608080149e-6 -1.83160451001640467e3 5.68434188608080149e-6 -2.21367915003156668e3 5.68434188608080149e-6 -2.52429121587738337e3 0.00000000000000000e0 -2.76158324652442388e3 0.00000000000000000e0 -3.23821043082261895e3 1.07469588783715136e-5 -3.30022538435059687e3 -6.39488462184090083e-6 -3.95321014821092831e3 1.50102152929321181e-5 -3.82847002526887081e3 0.00000000000000000e0 -4.87740253447555006e3 0.00000000000000000e0 -9.63587665410159389e3 3.41060513164848089e-5 -5.53388451949299269e3
-1.13686837721616030e-5 1.81085943040670827e2 1.13686837721616030e-5 2.25408734877419192e2 0.00000000000000000e0 3.52218330590403639e2 0.00000000000000000e0 3.96359030219173292e2 -2.27373675443232059e-5 5.37122832611203194e2 1.13686837721616030e-5 5.65670040941768093e2 -3.41060513164848089e-5 7.22528659480303759e2 2.27373675443232059e-5 7.48786726489925059e2 1.13686837721616030e-5 8.91728370788769098e2 -3.41060513164848089e-5 9.64961145655252039e2 3.41060513164848089e-5 1.00931364386269706e3 -1.13686837721616030e-5 1.24655909985449398e3 -1.13686837721616030e-5 8.49956256843142910e2 1.13686837721616030e-5 1.78026123194285901e3 -5.68434188608080149e-5 2.00762793838293874e3 -5.66333926599327242e2 -1.13686837721616030e-5 -9.69125903793610632e2 0.00000000000000000e0 -1.36774277734730276e3 0.00000000000000000e0 -1.74259894265560433e3 -2.27373675443232059e-5 -2.14201254493673332e3 -4.54747350886464119e-5 -2.53012941584529472e3 -1.13686837721616030e-5 -2.89920409386468236e3 1.13686837721616030e-5 -3.33633788613951765e3 0.00000000000000000e0 -3.63495000783586875e3 0.00000000000000000e0 -4.16254954416217515e3 -2.27373675443232059e-5 -4.35038665500542265e3 0.00000000000000000e0 -5.00859595149449888e3 1.13686837721616030e-5 -5.02722961073232000e3 -1.36424205265939236e-4 -6.10726134482320049e3 3.41060513164848089e-5 -1.13122973743884359e4 -1.47792889038100839e-4
-1.90975686586991571e2 -5.13367126586672317e-5 -9.93474961741291764e1 -4.81281681175005293e-5 -1.92150982869510017e2 -3.20854454116670172e-5 -2.62457538124927169e2 6.73794353645007369e-5 -2.52930740507473189e2 6.73794353645007369e-5 -3.89668811562326937e2 3.52939899528337196e-5 -3.58080241358305045e2 9.94648807761677609e-5 -4.74817693962847841e2 2.88769008705003182e-5 -5.06062423077935307e2 -9.94648807761677609e-5 -5.43076234205130959e2 -5.13367126586672317e-5 -6.54130835897603788e2 1.60427227058335086e-5 -6.69506861949997869e2 -3.20854454116670172e-5 -7.23756294185306956e2 3.20854454116670198e-6 -1.13739322959993683e3 -1.28341781646668079e-5 -4.78342997212166665e2 2.24598117881669134e-5 -5.13367126586672317e-5 -5.67794354267014910e2 5.77538017410006365e-5 -1.07595053820963562e3 -1.66844316140668498e-4 -1.26106004281201194e3 9.94648807761677609e-5 -1.71415638638983091e3 6.41708908233340345e-5 -1.97190595010443531e3 -1.92512672470002110e-5 -2.32268001789659411e3 -9.62563362350010551e-6 -2.69268979470327304e3 3.95683485976405723e-5 -2.94963518485680197e3 2.13162820728030029e-4 -3.36700797212152702e3 5.37347943918575681e-6 -3.64720082682845577e3 1.98241423277067925e-4 -3.95628525187152673e3 -2.70183875272778150e-4 -4.43470559794434303e3 6.96331881044898047e-5 -4.44411261738553094e3 -4.99600361081320443e-5 -5.53388451949299269e3 -1.47792889038100839e-4 -1.08997947504629865e4