-9.23893867010860959e1 3.55271367880050093e-9 -7.94436723925429078e1 -3.55271367880050093e-9 -1.20575918778342839e2 8.32667268468867405e-9 -1.60585752462250042e2 7.99360577730112709e-9 -1.81850757220658465e2 0.00000000000000000e0 -2.34576430259369971e2 -7.10542735760100186e-9 -2.48104250317737751e2 1.79856129989275326e-8 -1.77635683940025046e-9 -1.20605022981834509e1 -7.99360577730112709e-9 -5.47237368362374355e1 7.10542735760100186e-9 -3.61772808182836414e1 -1.11022302462515654e-8 -7.09424833398308863e1 3.19744231092045084e-8 -6.74099508649605923e1 2.17603712826530649e-8 -8.54990050243031874e1 -5.68434188608080149e-8 -1.02334167325079918e2
3.55271367880050093e-9 -1.15008543592587387e2 7.99360577730112709e-9 -8.67085897180430720e1 -1.42108547152020037e-8 -1.07353382833297317e2 -1.11022302462515654e-8 -1.52444828544595623e2 -6.39488462184090167e-8 -1.65983374954770085e2 4.35207425653061298e-8 -2.06051334338042125e2 1.42108547152020037e-7 -2.30320575990261517e2 3.35157359661053533e1 9.99200722162640886e-10 4.48238140124956885e1 -3.55271367880050093e-9 2.90526446136141203e1 2.77555756156289135e-9 5.71571980412244329e1 0.00000000000000000e0 7.03287308230216013e1 1.08801856413265324e-8 7.26285942569404455e1 7.10542735760100186e-9 1.01471200196101563e2 1.79856129989275326e-8
-7.94436723925429078e1 7.99360577730112709e-9 -2.07587561092736905e2 1.19904086659516906e-8 -1.63837563860624869e2 7.99360577730112709e-9 -2.18886621294878125e2 -3.99680288865056355e-9 -2.67398765338100475e2 -1.08801856413265324e-8 -3.16631832174341014e2 -7.10542735760100186e-9 -3.62416751869432119e2 -2.69784194983913006e-8 1.99840144432528177e-8 2.43302795870370403e1 -3.99680288865056355e-9 -2.00847816738125573e1 -1.42108547152020037e-8 -3.51834120397853667e1 1.11022302462515654e-8 -3.34584681600524902e1 -1.59872115546022542e-8 -3.77564544796760089e1 -2.17603712826530649e-8 -4.53248857041899100e1 -2.84217094304040074e-8 -5.09162771175075619e1
-3.55271367880050093e-9 -8.67085897180430720e1 1.19904086659516906e-8 -2.63139844520310362e2 -7.10542735760100186e-9 -1.59788057560450454e2 -2.22044604925031308e-8 -2.20580382199742075e2 1.59872115546022542e-8 -2.62753901489665111e2 2.17603712826530649e-8 -3.02759930036700098e2 8.52651282912120223e-8 -3.53910888976960393e2 2.10715348156753635e1 -1.77635683940025046e-9 8.42131131668644173e1 0.00000000000000000e0 5.90961786883781315e1 0.00000000000000000e0 4.46649391916409400e1 -3.99680288865056355e-9 8.96598911115376040e1 2.72004641033163286e-8 8.77574060025309990e1 -7.10542735760100186e-9 1.17780072855566686e2 -6.29496454962463626e-8
-1.20575918778342839e2 -1.42108547152020037e-8 -1.63837563860624869e2 -7.10542735760100186e-9 -4.21574841510619081e2 -7.10542735760100186e-9 -3.14952868452067491e2 2.84217094304040074e-8 -3.68388139049713459e2 -7.10542735760100186e-9 -4.85668985825693426e2 0.00000000000000000e0 -5.00637251775515324e2 0.00000000000000000e0 -1.42108547152020037e-8 -2.60702941545787326e0 -7.10542735760100186e-9 -2.06133424924814790e1 2.13162820728030056e-8 -1.11793610813037958e1 -1.11022302462515654e-8 -1.13562135162226241e2 3.19744231092045084e-8 -5.78886891418051164e1 -2.17603712826530649e-8 -9.38275288646650552e1 1.13686837721616030e-7 -1.11502089810255868e2
8.32667268468867405e-9 -1.07353382833297317e2 7.99360577730112709e-9 -1.59788057560450454e2 -7.10542735760100186e-9 -4.33451906500792461e2 0.00000000000000000e0 -2.62133083283711017e2 -1.59872115546022542e-8 -3.10241828393342757e2 -2.17603712826530649e-8 -3.89147159523872688e2 1.42108547152020037e-7 -4.21957673608974687e2 4.53346363060713742e1 5.55111512312578270e-9 7.01728949388247258e1 -2.77555756156289135e-9 1.27027213615349410e2 1.11022302462515654e-8 1.26161263591662021e2 0.00000000000000000e0 9.33970744423362476e1 0.00000000000000000e0 1.50408740595686623e2 -7.10542735760100186e-9 1.77223315944274873e2 4.49640324973188333e-8
-1.60585752462250042e2 -1.11022302462515654e-8 -2.18886621294878125e2 -2.22044604925031308e-8 -3.14952868452067491e2 0.00000000000000000e0 -7.06586390641916751e2 3.33066907387546962e-8 -4.82120956309728399e2 3.33066907387546962e-8 -6.01045284674750405e2 0.00000000000000000e0 -6.91305891336924105e2 -2.22044604925031308e-8 -8.88178419700125232e-8 4.82012255664798772e0 2.22044604925031308e-8 -7.87871506702231272e1 -1.11022302462515654e-8 8.47921370894511028e0 0.00000000000000000e0 -6.88137918869458076e1 0.00000000000000000e0 -1.41502813610916434e2 8.70414851306122595e-8 -1.10632731253890171e2 -8.52651282912120223e-8 -1.44899730636360857e2
7.99360577730112709e-9 -1.52444828544595623e2 -3.99680288865056355e-9 -2.20580382199742075e2 2.84217094304040074e-8 -2.62133083283711017e2 3.33066907387546962e-8 -7.28826365515189423e2 6.39488462184090167e-8 -4.02387313629293146e2 -4.35207425653061298e-8 -4.98601175038970723e2 5.68434188608080149e-8 -5.94241777171378089e2 4.69702931789051092e1 0.00000000000000000e0 1.10487638362410934e2 3.99680288865056355e-9 7.12895917374112287e1 -7.99360577730112709e-9 1.92280558519719591e2 0.00000000000000000e0 1.95452258042294602e2 0.00000000000000000e0 1.02459759145023796e2 0.00000000000000000e0 2.33354996055368247e2 0.00000000000000000e0
-1.81850757220658465e2 -6.39488462184090167e-8 -2.67398765338100475e2 1.59872115546022542e-8 -3.68388139049713459e2 -1.59872115546022542e-8 -4.82120956309728399e2 6.39488462184090167e-8 -9.99864081002499461e2 0.00000000000000000e0 -7.02079817337608461e2 4.79616346638067625e-8 -7.65472539882239289e2 -3.19744231092045084e-8 -1.59872115546022542e-8 1.55405282562526281e1 0.00000000000000000e0 -6.35088366536251669e1 -1.59872115546022542e-8 -5.85172200455730263e1 0.00000000000000000e0 -2.80175744844513019e1 9.59232693276135251e-8 -3.81127083972643277e1 -1.52322598978571451e-7 -1.87746377037001366e2 0.00000000000000000e0 -1.31947584458558254e2
0.00000000000000000e0 -1.65983374954770085e2 -1.08801856413265324e-8 -2.62753901489665111e2 -7.10542735760100186e-9 -3.10241828393342757e2 3.33066907387546962e-8 -4.02387313629293146e2 0.00000000000000000e0 -9.96951151409852628e2 2.17603712826530649e-8 -5.54159410455667967e2 -2.84217094304040074e-8 -6.43150187719876271e2 6.20941367689420289e1 1.08801856413265324e-8 1.24201470501295020e2 -2.17603712826530649e-8 1.33184905493521910e2 0.00000000000000000e0 1.23365670801067751e2 0.00000000000000000e0 2.86018821714861815e2 2.17603712826530649e-8 2.71242756664680201e2 0.00000000000000000e0 1.82239662706251693e2 1.79856129989275326e-8
-2.34576430259369971e2 4.35207425653061298e-8 -3.16631832174341014e2 2.17603712826530649e-8 -4.85668985825693426e2 -2.17603712826530649e-8 -6.01045284674750405e2 -4.35207425653061298e-8 -7.02079817337608461e2 2.17603712826530649e-8 -1.49235010174741910e3 0.00000000000000000e0 -9.51673580061651592e2 -1.74082970261224519e-7 2.17603712826530649e-8 -1.61484870764283506e0 -4.35207425653061298e-8 -9.48676447469764952e1 -4.35207425653061298e-8 -5.15358898964812724e1 -2.17603712826530649e-8 -1.95570867422833999e2 0.00000000000000000e0 -2.97039132832743675e1 -4.35207425653061298e-8 -1.17945172543709702e2 0.00000000000000000e0 -3.06112757892495949e2
-7.10542735760100186e-9 -2.06051334338042125e2 -7.10542735760100186e-9 -3.02759930036700098e2 0.00000000000000000e0 -3.89147159523872688e2 0.00000000000000000e0 -4.98601175038970723e2 4.79616346638067625e-8 -5.54159410455667967e2 0.00000000000000000e0 -1.39148548393563942e3 -2.84217094304040074e-8 -7.59864464966786159e2 7.22945089748350256e1 -2.13162820728030056e-8 1.47710848196425104e2 2.13162820728030056e-8 1.43601559422279479e2 -4.26325641456060112e-8 2.00036426400984624e2 -7.10542735760100186e-9 1.84312212548221055e2 7.10542735760100186e-9 3.57350348437535047e2 -7.10542735760100186e-9 4.05719071778776197e2 0.00000000000000000e0
-2.48104250317737751e2 1.42108547152020037e-7 -3.62416751869432119e2 8.52651282912120223e-8 -5.00637251775515324e2 1.42108547152020037e-7 -6.91305891336924105e2 5.68434188608080149e-8 -7.65472539882239289e2 -2.84217094304040074e-8 -9.51673580061651592e2 -2.84217094304040074e-8 -1.86114415760130214e3 -1.70530256582424045e-7 1.13686837721616030e-7 2.31901501592801651e1 -2.84217094304040074e-8 -9.36390332526571001e1 1.13686837721616030e-7 -4.19842379244528274e1 -5.68434188608080149e-8 -1.17764220306071365e2 2.84217094304040074e-8 -1.79097188976129473e2 8.52651282912120223e-8 -2.18636335489463818e1 -5.68434188608080149e-8 -1.02415124445087713e2
1.79856129989275326e-8 -2.30320575990261517e2 -2.69784194983913006e-8 -3.53910888976960393e2 0.00000000000000000e0 -4.21957673608974687e2 -2.22044604925031308e-8 -5.94241777171378089e2 -3.19744231092045084e-8 -6.43150187719876271e2 -1.74082970261224519e-7 -7.59864464966786159e2 -1.70530256582424045e-7 -1.79980722754979865e3 7.91470455954179499e1 -3.59712259978550653e-8 1.73319316166042881e2 -8.99280649946376632e-9 1.58346746375048724e2 -8.99280649946376632e-9 2.18146223684989593e2 0.00000000000000000e0 2.79343728820435899e2 0.00000000000000000e0 2.13581147364028055e2 0.00000000000000000e0 5.04178246558240062e2 -1.79856129989275326e-8
-1.77635683940025046e-9 3.35157359661053533e1 1.99840144432528177e-8 2.10715348156753635e1 -1.42108547152020037e-8 4.53346363060713742e1 -8.88178419700125232e-8 4.69702931789051092e1 -1.59872115546022542e-8 6.20941367689420289e1 2.17603712826530649e-8 7.22945089748350256e1 1.13686837721616030e-7 7.91470455954179499e1 -1.03591575893346999e2 -5.32907051820075139e-9 -9.72988833423116262e1 7.10542735760100186e-9 -1.21998646925192133e2 5.55111512312578270e-9 -1.68534858746571814e2 -1.19904086659516906e-8 -1.92472827707845795e2 1.08801856413265324e-8 -2.42321459617222899e2 1.42108547152020037e-8 -2.64829500537189233e2 -2.69784194983913006e-8
-1.20605022981834509e1 9.99200722162640886e-10 2.43302795870370403e1 -1.77635683940025046e-9 -2.60702941545787326e0 5.55111512312578270e-9 4.82012255664798772e0 0.00000000000000000e0 1.55405282562526281e1 1.08801856413265324e-8 -1.61484870764283506e0 -2.13162820728030056e-8 2.31901501592801651e1 -3.59712259978550653e-8 -5.32907051820075139e-9 -1.44820221914532254e2 -2.39808173319033813e-8 -1.32531161670002007e2 2.84217094304040074e-8 -1.23457993028708302e2 -1.11022302462515654e-8 -1.93142623602593488e2 0.00000000000000000e0 -2.03249887124168310e2 2.17603712826530649e-8 -2.53017662465992998e2 -2.84217094304040074e-8 -2.87970152864525062e2
-7.99360577730112709e-9 4.48238140124956885e1 -3.99680288865056355e-9 8.42131131668644173e1 -7.10542735760100186e-9 7.01728949388247258e1 2.22044604925031308e-8 1.10487638362410934e2 0.00000000000000000e0 1.24201470501295020e2 -4.35207425653061298e-8 1.47710848196425104e2 -2.84217094304040074e-8 1.73319316166042881e2 -9.72988833423116262e1 -2.39808173319033813e-8 -2.98466563672050711e2 -3.99680288865056355e-9 -2.36864579228779348e2 -3.99680288865056355e-9 -2.74753385987036552e2 -3.99680288865056355e-9 -3.55843050321880128e2 0.00000000000000000e0 -4.01071970912880658e2 -2.13162820728030056e-8 -4.80908053276607461e2 9.89208714941014345e-8
-5.47237368362374355e1 -3.55271367880050093e-9 -2.00847816738125573e1 0.00000000000000000e0 -2.06133424924814790e1 -2.77555756156289135e-9 -7.87871506702231272e1 3.99680288865056355e-9 -6.35088366536251669e1 -2.17603712826530649e-8 -9.48676447469764952e1 2.13162820728030056e-8 -9.36390332526571001e1 -8.99280649946376632e-9 7.10542735760100186e-9 -1.32531161670002007e2 -3.99680288865056355e-9 -4.13149624293396300e2 1.42108547152020037e-8 -2.83304887638280434e2 -2.22044604925031308e-8 -3.33048737596541855e2 -1.59872115546022542e-8 -4.08910802877304661e2 1.52322598978571451e-7 -4.65243680622506872e2 -5.68434188608080149e-8 -5.47797397276394918e2
7.10542735760100186e-9 2.90526446136141203e1 -1.42108547152020037e-8 5.90961786883781315e1 2.13162820728030056e-8 1.27027213615349410e2 -1.11022302462515654e-8 7.12895917374112287e1 -1.59872115546022542e-8 1.33184905493521910e2 -4.35207425653061298e-8 1.43601559422279479e2 1.13686837721616030e-7 1.58346746375048724e2 -1.21998646925192133e2 2.84217094304040074e-8 -2.36864579228779348e2 1.42108547152020037e-8 -5.70998358369934067e2 1.42108547152020037e-8 -4.31432939773657154e2 1.42108547152020037e-8 -4.49231736178390406e2 -7.10542735760100186e-9 -5.93373391337248449e2 7.10542735760100186e-9 -6.25579395347131140e2 8.99280649946376632e-9
-3.61772808182836414e1 2.77555756156289135e-9 -3.51834120397853667e1 0.00000000000000000e0 -1.11793610813037958e1 1.11022302462515654e-8 8.47921370894511028e0 -7.99360577730112709e-9 -5.85172200455730263e1 0.00000000000000000e0 -5.15358898964812724e1 -4.26325641456060112e-8 -4.19842379244528274e1 -8.99280649946376632e-9 5.55111512312578270e-9 -1.23457993028708302e2 -3.99680288865056355e-9 -2.83304887638280434e2 1.42108547152020037e-8 -6.48692402238637555e2 -4.44089209850062616e-8 -4.49936836732334200e2 -3.19744231092045084e-8 -4.41662609041215603e2 0.00000000000000000e0 -5.71164820556191444e2 -2.84217094304040074e-8 -6.21182698429256675e2
-1.11022302462515654e-8 5.71571980412244329e1 1.11022302462515654e-8 4.46649391916409400e1 -1.11022302462515654e-8 1.26161263591662021e2 0.00000000000000000e0 1.92280558519719591e2 0.00000000000000000e0 1.23365670801067751e2 -2.17603712826530649e-8 2.00036426400984624e2 -5.68434188608080149e-8 2.18146223684989593e2 -1.68534858746571814e2 -1.11022302462515654e-8 -2.74753385987036552e2 -2.22044604925031308e-8 -4.31432939773657154e2 -4.44089209850062616e-8 -9.56874403712504318e2 2.22044604925031308e-8 -6.79830255801761041e2 1.11022302462515654e-8 -7.07470941249787984e2 1.11022302462515654e-8 -8.79351299772679340e2 1.11022302462515654e-8
-7.09424833398308863e1 0.00000000000000000e0 -3.34584681600524902e1 -3.99680288865056355e-9 -1.13562135162226241e2 0.00000000000000000e0 -6.88137918869458076e1 0.00000000000000000e0 -2.80175744844513019e1 0.00000000000000000e0 -1.95570867422833999e2 -7.10542735760100186e-9 -1.17764220306071365e2 0.00000000000000000e0 -1.19904086659516906e-8 -1.93142623602593488e2 -3.99680288865056355e-9 -3.33048737596541855e2 1.42108547152020037e-8 -4.49936836732334200e2 2.22044604925031308e-8 -1.11205476206777121e3 3.19744231092045084e-8 -6.97842645811186230e2 0.00000000000000000e0 -7.21243675819494001e2 8.52651282912120223e-8 -8.98288053254536635e2
3.19744231092045084e-8 7.03287308230216013e1 -1.59872115546022542e-8 8.96598911115376040e1 3.19744231092045084e-8 9.33970744423362476e1 0.00000000000000000e0 1.95452258042294602e2 9.59232693276135251e-8 2.86018821714861815e2 0.00000000000000000e0 1.84312212548221055e2 2.84217094304040074e-8 2.79343728820435899e2 -1.92472827707845795e2 0.00000000000000000e0 -3.55843050321880128e2 -1.59872115546022542e-8 -4.49231736178390406e2 -3.19744231092045084e-8 -6.79830255801761041e2 3.19744231092045084e-8 -1.39942786383073781e3 1.59872115546022542e-8 -9.80548185908869186e2 -4.79616346638067625e-8 -9.64703449227499732e2 3.19744231092045084e-8
-6.74099508649605923e1 1.08801856413265324e-8 -3.77564544796760089e1 2.72004641033163286e-8 -5.78886891418051164e1 0.00000000000000000e0 -1.41502813610916434e2 0.00000000000000000e0 -3.81127083972643277e1 2.17603712826530649e-8 -2.97039132832743675e1 7.10542735760100186e-9 -1.79097188976129473e2 0.00000000000000000e0 1.08801856413265324e-8 -2.03249887124168310e2 0.00000000000000000e0 -4.08910802877304661e2 -7.10542735760100186e-9 -4.41662609041215603e2 1.11022302462515654e-8 -6.97842645811186230e2 1.59872115546022542e-8 -1.51622657622052475e3 1.08801856413265314e-7 -9.54308777984635981e2 8.52651282912120223e-8 -9.37935307802950547e2
2.17603712826530649e-8 7.26285942569404455e1 -2.17603712826530649e-8 8.77574060025309990e1 -2.17603712826530649e-8 1.50408740595686623e2 8.70414851306122595e-8 1.02459759145023796e2 -1.52322598978571451e-7 2.71242756664680201e2 -4.35207425653061298e-8 3.57350348437535047e2 8.52651282912120223e-8 2.13581147364028055e2 -2.42321459617222899e2 2.17603712826530649e-8 -4.01071970912880658e2 1.52322598978571451e-7 -5.93373391337248449e2 0.00000000000000000e0 -7.07470941249787984e2 0.00000000000000000e0 -9.80548185908869186e2 1.08801856413265314e-7 -1.99732014523590306e3 2.17603712826530649e-8 -1.33327025170615343e3 -8.70414851306122595e-8
-8.54990050243031874e1 7.10542735760100186e-9 -4.53248857041899100e1 -7.10542735760100186e-9 -9.38275288646650552e1 -7.10542735760100186e-9 -1.10632731253890171e2 0.00000000000000000e0 -1.87746377037001366e2 0.00000000000000000e0 -1.17945172543709702e2 -7.10542735760100186e-9 -2.18636335489463818e1 0.00000000000000000e0 1.42108547152020037e-8 -2.53017662465992998e2 -2.13162820728030056e-8 -4.65243680622506872e2 7.10542735760100186e-9 -5.71164820556191444e2 1.11022302462515654e-8 -7.21243675819494001e2 -4.79616346638067625e-8 -9.54308777984635981e2 2.17603712826530649e-8 -2.10565058142719863e3 2.84217094304040074e-8 -1.30717464511653770e3
-5.68434188608080149e-8 1.01471200196101563e2 -2.84217094304040074e-8 1.17780072855566686e2 1.13686837721616030e-7 1.77223315944274873e2 -8.52651282912120223e-8 2.33354996055368247e2 0.00000000000000000e0 1.82239662706251693e2 0.00000000000000000e0 4.05719071778776197e2 -5.68434188608080149e-8 5.04178246558240062e2 -2.64829500537189233e2 -2.84217094304040074e-8 -4.80908053276607461e2 -5.68434188608080149e-8 -6.25579395347131140e2 -2.84217094304040074e-8 -8.79351299772679340e2 8.52651282912120223e-8 -9.64703449227499732e2 8.52651282912120223e-8 -1.33327025170615343e3 2.84217094304040074e-8 -2.61976397621310753e3 -1.42108547152020037e-7
-1.02334167325079918e2 1.79856129989275326e-8 -5.09162771175075619e1 -6.29496454962463626e-8 -1.11502089810255868e2 4.49640324973188333e-8 -1.44899730636360857e2 0.00000000000000000e0 -1.31947584458558254e2 1.79856129989275326e-8 -3.06112757892495949e2 0.00000000000000000e0 -1.02415124445087713e2 -1.79856129989275326e-8 -2.69784194983913006e-8 -2.87970152864525062e2 9.89208714941014345e-8 -5.47797397276394918e2 8.99280649946376632e-9 -6.21182698429256675e2 1.11022302462515654e-8 -8.98288053254536635e2 3.19744231092045084e-8 -9.37935307802950547e2 -8.70414851306122595e-8 -1.30717464511653770e3 -1.42108547152020037e-7 -2.75029082925071179e3