-9.25549613839393714e1 -1.77635683940025046e-7 -7.94851064966905909e1 -3.55271367880050093e-7 -1.21286147702903691e2 -8.32667268468867299e-7 -1.60660835746284619e2 -7.99360577730112603e-7 -1.82400945547556120e2 -1.08801856413265320e-6 -2.35044974639109199e2 -4.26325641456060112e-6 -2.48294813331995101e2 0.00000000000000000e0 -3.02558730069790670e2 1.11022302462515633e-6 -3.20174802226347254e2 4.03010957938931824e-6 -3.63506808254143664e2 0.00000000000000000e0 -3.95618462789570856e2 -1.87627691161651477e-6 0.00000000000000000e0 -1.23759924974820024e1 7.99360577730112603e-7 -5.50162152279654038e1 1.42108547152020037e-6 -3.62594251845926792e1 1.11022302462515633e-6 -7.30914912594471247e1 0.00000000000000000e0 -6.73938990169986454e1 -4.35207425653061279e-6 -8.82303694993424870e1 2.84217094304040074e-6 -1.02316521954914904e2 0.00000000000000000e0 -1.02780869370988611e2 0.00000000000000000e0 -1.34943512097862595e2 0.00000000000000000e0 -1.22656014944766397e2 0.00000000000000000e0 -1.59960646561874171e2
-1.77635683940025046e-7 -1.15051594251625019e2 7.99360577730112603e-7 -8.67737302456816906e1 0.00000000000000000e0 -1.07358047174432855e2 -2.22044604925031266e-6 -1.52915654139107431e2 -1.59872115546022521e-6 -1.65945577146331374e2 4.35207425653061279e-6 -2.06560358151364198e2 2.84217094304040074e-6 -2.30289287039830953e2 0.00000000000000000e0 -2.57860528485309658e2 8.88178419700125063e-6 -2.94932206001963209e2 -1.61204383175572730e-5 -3.11778064165935064e2 -6.39488462184090083e-6 -3.55655547912281406e2 3.34588193595664052e1 -4.99600361081320337e-7 4.48686503951023425e1 0.00000000000000000e0 2.88286926775072061e1 2.77555756156289082e-7 5.72225433703721293e1 -1.19904086659516885e-6 7.01934734337328194e1 5.44009282066326599e-7 7.26366938152977895e1 -6.39488462184090167e-6 1.01469214541793917e2 8.99280649946376692e-7 9.47823351804544103e1 -6.66133814775093840e-6 1.24885901620075387e2 1.34336985979643920e-6 1.23954612307741726e2 -1.59872115546022521e-6 1.42576702444330266e2 -9.38138455808257446e-6
-7.94851064966905909e1 7.99360577730112603e-7 -2.07591213019497872e2 3.99680288865056302e-7 -1.63990447532569306e2 3.99680288865056302e-7 -2.18903734028330604e2 -3.99680288865056302e-7 -2.67519320296116746e2 -1.63202784619897990e-6 -3.16744630257659253e2 -7.10542735760100186e-7 -3.62465550551860360e2 0.00000000000000000e0 -4.13702832791074059e2 -1.11022302462515633e-6 -4.58184929996718836e2 2.68673971959287840e-6 -5.08196226878254663e2 -1.59872115546022521e-6 -5.54637136218616320e2 -1.87627691161651477e-6 -3.99680288865056302e-7 2.42893397395249586e1 0.00000000000000000e0 -2.01084221274072625e1 7.10542735760100186e-7 -3.51973886036915857e1 -2.22044604925031266e-6 -3.39253493297775250e1 0.00000000000000000e0 -3.77539150497874161e1 0.00000000000000000e0 -4.58927914337436960e1 2.84217094304040074e-6 -5.09121130254364047e1 -3.59712259978550677e-6 -5.61666435583418817e1 -4.44089209850062531e-6 -6.53207320788773416e1 0.00000000000000000e0 -6.69750814807912178e1 1.27897692436818017e-5 -7.83942360471634601e1
-3.55271367880050093e-7 -8.67737302456816906e1 3.99680288865056302e-7 -2.63166120362257061e2 -2.13162820728030056e-6 -1.59804934285467908e2 1.11022302462515633e-6 -2.21113041076748090e2 -1.59872115546022521e-6 -2.62726861388617976e2 0.00000000000000000e0 -3.03526969247513989e2 2.84217094304040074e-6 -3.53883024784007375e2 7.19424519957101353e-6 -3.88278913465711582e2 -4.44089209850062531e-6 -4.43100552238728767e2 5.37347943918575681e-6 -4.75594566928805250e2 6.39488462184090083e-6 -5.29457665621180354e2 2.10090627561498877e1 -3.55271367880050093e-7 8.42517479782145386e1 5.32907051820075139e-7 5.88656405398069182e1 2.77555756156289082e-7 4.47214698606757040e1 -7.99360577730112603e-7 8.95137819867386355e1 -1.08801856413265320e-6 8.77603194116005483e1 -7.10542735760100186e-6 1.17772702878937707e2 0.00000000000000000e0 1.21982948941834465e2 -3.33066907387546920e-6 1.43797391771727206e2 -1.34336985979643920e-6 1.57034622239038413e2 3.19744231092045041e-6 1.68755710205914482e2 -7.50510764646605906e-6
-1.21286147702903691e2 0.00000000000000000e0 -1.63990447532569306e2 -2.13162820728030056e-6 -4.22674020228441805e2 -1.42108547152020037e-6 -3.15369833581158275e2 -2.13162820728030056e-6 -3.69792534193891186e2 -2.13162820728030056e-6 -4.87220647071850919e2 -1.13686837721616030e-5 -5.01143290421168786e2 -8.99280649946376692e-7 -6.25681001409361556e2 -5.55111512312578186e-6 -6.50471307928057627e2 1.34336985979643920e-6 -7.47183025318065461e2 0.00000000000000000e0 -8.09594330775098456e2 -1.31339383813156036e-5 2.84217094304040074e-6 -3.31765264149908035e0 -1.42108547152020037e-6 -2.12390673937079555e1 -7.10542735760100186e-7 -1.15306860948294343e1 -1.11022302462515633e-6 -1.17437002700171433e2 3.19744231092045041e-6 -5.76073503566476575e1 4.35207425653061279e-6 -1.00090959165299864e2 2.84217094304040074e-6 -1.11552456172336875e2 0.00000000000000000e0 -9.68475200036067321e1 0.00000000000000000e0 -1.58606386468918004e2 -5.37347943918575681e-6 -1.09181294405402681e2 1.27897692436818017e-5 -1.86095602239255726e2
-8.32667268468867299e-7 -1.07358047174432855e2 3.99680288865056302e-7 -1.59804934285467908e2 -1.42108547152020037e-6 -4.33458213766613142e2 3.33066907387546920e-6 -2.62246554472156333e2 1.59872115546022521e-6 -3.10225978106259902e2 4.35207425653061279e-6 -3.88978289578290060e2 5.68434188608080149e-6 -4.21944798401074820e2 -7.19424519957101353e-6 -4.89344377241351879e2 4.44089209850062531e-6 -5.39662724674538822e2 0.00000000000000000e0 -5.89891906521699980e2 6.39488462184090083e-6 -6.54849761971831981e2 4.53227580465842479e1 2.77555756156289082e-7 7.01909546485523919e1 -2.77555756156289082e-7 1.26948739165300140e2 -2.77555756156289082e-7 1.26195864869060856e2 0.00000000000000000e0 9.33620524889988559e1 1.08801856413265320e-6 1.50420564093423053e2 -1.42108547152020037e-6 1.77231461861993012e2 0.00000000000000000e0 1.86487929099143884e2 -3.33066907387546920e-6 2.31208145962114003e2 -1.34336985979643920e-6 2.33518552317235589e2 -4.79616346638067541e-6 2.73758251267963658e2 -7.50510764646605906e-6
-1.60660835746284619e2 -2.22044604925031266e-6 -2.18903734028330604e2 1.11022302462515633e-6 -3.15369833581158275e2 3.33066907387546920e-6 -7.06608731526614406e2 -1.11022302462515633e-6 -4.82568936810423509e2 0.00000000000000000e0 -6.01342592210229895e2 -4.44089209850062531e-6 -6.91473010761001206e2 2.22044604925031266e-6 -7.80006899070428858e2 -1.11022302462515633e-6 -8.74362093838953911e2 -2.68673971959287840e-6 -9.59156735413912884e2 1.59872115546022521e-6 -1.05585244867256711e3 3.75255382323302953e-6 -3.33066907387546920e-6 4.74152050955467441e0 -3.33066907387546920e-6 -7.88253773364999546e1 0.00000000000000000e0 8.42667602363178325e0 1.11022302462515633e-6 -6.95425383945291600e1 0.00000000000000000e0 -1.41497720207439642e2 4.35207425653061279e-6 -1.12616702629964024e2 5.68434188608080149e-6 -1.44884926278621123e2 3.59712259978550677e-6 -1.47389406235376413e2 -8.88178419700125063e-6 -1.74020554799536569e2 0.00000000000000000e0 -1.81414104538646342e2 -6.39488462184090083e-6 -2.04401300918366530e2
-7.99360577730112603e-7 -1.52915654139107431e2 -3.99680288865056302e-7 -2.21113041076748090e2 -2.13162820728030056e-6 -2.62246554472156333e2 -1.11022302462515633e-6 -7.29924738251952363e2 -4.79616346638067541e-6 -4.01880805023235780e2 -2.17603712826530640e-6 -5.01586710299761762e2 -2.84217094304040074e-6 -5.93985586017087144e2 -7.19424519957101353e-6 -6.30021861347529352e2 -4.44089209850062531e-6 -7.48164041308729793e2 -1.61204383175572730e-5 -7.72810103910614885e2 6.39488462184090083e-6 -8.89498406653199822e2 4.64720178339206242e1 -1.19904086659516885e-6 1.10987282564423126e2 0.00000000000000000e0 6.99808971660331736e1 -7.99360577730112603e-7 1.92714219027223493e2 -7.59392548843606989e-6 1.94716780299586361e2 1.08801856413265320e-6 1.02402470680829069e2 -2.91322521661641076e-5 2.33298780472068756e2 8.99280649946376692e-7 2.03198998827147619e2 -2.22044604925031274e-5 2.69852731271669143e2 0.00000000000000000e0 2.82635453707769102e2 -1.59872115546022521e-6 3.02961847609139966e2 -3.37729844090972687e-5
-1.82400945547556120e2 -1.59872115546022521e-6 -2.67519320296116746e2 -1.59872115546022521e-6 -3.69792534193891186e2 1.59872115546022521e-6 -4.82568936810423509e2 -4.79616346638067541e-6 -1.00103185260991256e3 0.00000000000000000e0 -7.04047825816900172e2 -3.19744231092045041e-6 -7.65772443855894380e2 -1.59872115546022521e-6 -9.57799341838594273e2 -4.79616346638067541e-6 -9.84930426106700338e2 1.59872115546022521e-6 -1.14702223328322361e3 -1.59872115546022521e-6 -1.22608823573955283e3 -2.25153229393981780e-5 1.59872115546022521e-6 1.50014880517801412e1 0.00000000000000000e0 -6.40054105716103408e1 0.00000000000000000e0 -5.87571415522347635e1 1.59872115546022521e-6 -3.06052703180625905e1 -3.19744231092045041e-6 -3.78167753112279499e1 0.00000000000000000e0 -1.92228944762007330e2 -2.84217094304040074e-6 -1.32021481746846774e2 3.59712259978550677e-6 -1.37629042562537023e2 1.33226762955018768e-5 -2.05200602110266999e2 -1.61204383175572730e-5 -1.39358977158110491e2 0.00000000000000000e0 -2.47498205152574286e2
-1.08801856413265320e-6 -1.65945577146331374e2 -1.63202784619897990e-6 -2.62726861388617976e2 -2.13162820728030056e-6 -3.10225978106259902e2 0.00000000000000000e0 -4.01880805023235780e2 0.00000000000000000e0 -9.96957794807684536e2 1.08801856413265324e-5 -5.52985716950615824e2 -2.84217094304040074e-6 -6.43176667425304686e2 -1.07913677993565199e-5 -7.62439512635992742e2 0.00000000000000000e0 -8.09188574479868748e2 1.61204383175572730e-5 -9.21409107412784920e2 -6.39488462184090083e-6 -9.85576036616198280e2 6.21229147457213955e1 -1.08801856413265320e-6 1.24175660998204748e2 5.44009282066326599e-7 1.33452172690340376e2 -1.08801856413265320e-6 1.23317125400035351e2 2.17603712826530640e-6 2.86202639188104456e2 1.08801856413265320e-6 2.71254019201805306e2 1.13686837721616030e-5 1.82259682901531050e2 -8.99280649946376692e-7 2.98214927552109486e2 8.88178419700125063e-6 3.19172954732493906e2 1.34336985979643920e-6 3.50093840539855648e2 -1.59872115546022521e-6 4.03907154122862210e2 1.12576614696990890e-5
-2.35044974639109199e2 4.35207425653061279e-6 -3.16744630257659253e2 0.00000000000000000e0 -4.87220647071850919e2 4.35207425653061279e-6 -6.01342592210229895e2 -2.17603712826530640e-6 -7.04047825816900172e2 1.08801856413265324e-5 -1.49289555739784396e3 0.00000000000000000e0 -9.52546983512547740e2 0.00000000000000000e0 -1.14357049030289181e3 -1.08801856413265324e-5 -1.28034447488545288e3 0.00000000000000000e0 -1.38960815063704490e3 4.35207425653061279e-6 -1.55385781042127724e3 -4.35207425653061279e-6 -2.17603712826530640e-6 -2.12167536872698248e0 2.17603712826530640e-6 -9.52002643384019933e1 2.17603712826530640e-6 -5.19425567890863178e1 4.35207425653061279e-6 -1.97910550703284088e2 4.35207425653061279e-6 -2.96825042767068190e1 4.35207425653061279e-6 -1.23674413021745963e2 5.68434188608080149e-6 -3.06046126308245846e2 0.00000000000000000e0 -2.01886879924728618e2 4.44089209850062531e-6 -2.94601315609099800e2 -1.07469588783715136e-5 -2.64181121689688268e2 1.91846538655227016e-5 -3.25161903091952752e2
-4.26325641456060112e-6 -2.06560358151364198e2 -7.10542735760100186e-7 -3.03526969247513989e2 -1.13686837721616030e-5 -3.88978289578290060e2 -4.44089209850062531e-6 -5.01586710299761762e2 -3.19744231092045041e-6 -5.52985716950615824e2 0.00000000000000000e0 -1.39420364746456471e3 5.68434188608080149e-6 -7.59603633893046663e2 -1.79856129989275326e-5 -8.58635154088460581e2 -4.44089209850062531e-6 -1.04196080558116569e3 -1.07469588783715136e-5 -1.04079175358151565e3 6.39488462184090083e-6 -1.23956118399659613e3 7.16021865798666113e1 -1.42108547152020037e-6 1.48387546516914881e2 -4.97379915032070130e-6 1.41459823765899273e2 -4.97379915032070130e-6 2.00764563862421113e2 -1.56319401867222041e-5 1.83094998362776067e2 2.13162820728030056e-6 3.56815862190273890e2 -7.10542735760100186e-7 4.05900755140464753e2 1.79856129989275338e-6 2.01178232472898316e2 -5.32907051820075072e-5 4.20147636681633628e2 -1.34336985979643920e-6 3.91383882236695456e2 -3.19744231092045041e-6 4.49088056342361540e2 -1.12576614696990887e-4
-2.48294813331995101e2 2.84217094304040074e-6 -3.62465550551860360e2 2.84217094304040074e-6 -5.01143290421168786e2 5.68434188608080149e-6 -6.91473010761001206e2 -2.84217094304040074e-6 -7.65772443855894380e2 -2.84217094304040074e-6 -9.52546983512547740e2 5.68434188608080149e-6 -1.86148555485488032e3 5.68434188608080149e-6 -1.22751682098964898e3 -1.13686837721616030e-5 -1.34315953914665420e3 5.68434188608080149e-6 -1.56807202618125507e3 2.84217094304040074e-6 -1.64843236021283678e3 -2.84217094304040074e-6 5.68434188608080149e-6 2.30169632686738623e1 -2.84217094304040074e-6 -9.38019809382240055e1 2.84217094304040074e-6 -4.20442916038155090e1 2.84217094304040074e-6 -1.18737420962133911e2 8.52651282912120223e-6 -1.78989799337614386e2 -5.68434188608080149e-6 -2.36342117432286614e1 0.00000000000000000e0 -1.02417826042255911e2 -3.59712259978550677e-6 -2.99864737485222577e2 4.44089209850062531e-6 -2.38717328215898306e2 0.00000000000000000e0 -2.25223715233369148e2 1.27897692436818017e-5 -3.13445644906096277e2
0.00000000000000000e0 -2.30289287039830953e2 0.00000000000000000e0 -3.53883024784007375e2 -8.99280649946376692e-7 -4.21944798401074820e2 2.22044604925031266e-6 -5.93985586017087144e2 -1.59872115546022521e-6 -6.43176667425304686e2 0.00000000000000000e0 -7.59603633893046663e2 5.68434188608080149e-6 -1.79982855539328989e3 -7.19424519957101353e-6 -9.65511766093385290e2 0.00000000000000000e0 -1.10001243975865737e3 1.61204383175572730e-5 -1.26948139520521840e3 0.00000000000000000e0 -1.32371938399433748e3 7.91753671625094881e1 -8.99280649946376692e-7 1.73292856064932693e2 8.99280649946376692e-7 1.58519478943297514e2 0.00000000000000000e0 2.18097460091826150e2 0.00000000000000000e0 2.79464258134964837e2 -1.79856129989275338e-6 2.13592003417417658e2 1.34892097491956503e-5 5.04195202211121796e2 8.99280649946376692e-7 4.78228071942865483e2 1.44328993201270333e-5 3.01312814698917407e2 0.00000000000000000e0 4.92120581885302443e2 -1.59872115546022521e-6 5.06867993976811647e2 2.25153229393981780e-5
-3.02558730069790670e2 0.00000000000000000e0 -4.13702832791074059e2 7.19424519957101353e-6 -6.25681001409361556e2 -7.19424519957101353e-6 -7.80006899070428858e2 -7.19424519957101353e-6 -9.57799341838594273e2 -1.07913677993565199e-5 -1.14357049030289181e3 -1.79856129989275326e-5 -1.22751682098964898e3 -7.19424519957101353e-6 -2.53319374916571815e3 -7.19424519957101353e-6 -1.56798940054159152e3 1.79856129989275326e-5 -1.79974479905808926e3 -1.07913677993565199e-5 -2.02946577303464414e3 -1.79856129989275326e-5 -3.59712259978550677e-6 -6.99726676600675890e-1 -7.19424519957101353e-6 -1.17773286723021883e2 3.59712259978550677e-6 -7.65612041764285181e1 7.19424519957101353e-6 -1.97130847245929857e2 0.00000000000000000e0 -1.39830482792646620e2 -3.59712259978550677e-6 -3.27954275336494959e2 3.59712259978550677e-6 -9.91348859002982721e1 -3.59712259978550677e-6 -1.51477929799526095e2 1.33226762955018768e-5 -5.23198956958736858e2 -2.68673971959287849e-5 -2.86963509354975997e2 1.27897692436818017e-5 -4.59757858184417444e2
1.11022302462515633e-6 -2.57860528485309658e2 -1.11022302462515633e-6 -3.88278913465711582e2 -5.55111512312578186e-6 -4.89344377241351879e2 -1.11022302462515633e-6 -6.30021861347529352e2 -4.79616346638067541e-6 -7.62439512635992742e2 -1.08801856413265324e-5 -8.58635154088460581e2 -1.13686837721616030e-5 -9.65511766093385290e2 -7.19424519957101353e-6 -2.25854984492457288e3 4.44089209850062531e-6 -1.22395838061395420e3 -2.68673971959287849e-5 -1.31937025624750936e3 0.00000000000000000e0 -1.58335962811007062e3 9.69044522403095101e1 -2.22044604925031266e-6 1.88056674677028440e2 -3.33066907387546920e-6 2.00770046143716712e2 0.00000000000000000e0 2.41818872703802839e2 -9.99200722162640717e-6 3.17118440307240178e2 1.11022302462515633e-6 3.46301235554236030e2 -4.10782519111307852e-5 3.30650962609979615e2 2.22044604925031266e-6 6.07332298452334271e2 -4.88498130835068810e-5 6.59217160858815873e2 -1.34336985979643920e-6 3.71346596539368022e2 -7.99360577730112540e-6 6.32329593486247063e2 -1.01318953227291799e-4
-3.20174802226347254e2 8.88178419700125063e-6 -4.58184929996718836e2 -4.44089209850062531e-6 -6.50471307928057627e2 4.44089209850062531e-6 -8.74362093838953911e2 -4.44089209850062531e-6 -9.84930426106700338e2 0.00000000000000000e0 -1.28034447488545288e3 -4.44089209850062531e-6 -1.34315953914665420e3 0.00000000000000000e0 -1.56798940054159152e3 4.44089209850062531e-6 -3.02953235831182565e3 -4.44089209850062531e-6 -1.90095560617109504e3 4.44089209850062531e-6 -2.10560625575340009e3 -4.44089209850062531e-6 4.44089209850062531e-6 2.17534124047347142e1 8.88178419700125063e-6 -1.25079813173556417e2 4.44089209850062531e-6 -5.44733946838959966e1 0.00000000000000000e0 -1.81754482575513492e2 -8.88178419700125063e-6 -1.57706820935743480e2 4.44089209850062531e-6 -1.85617876624632999e2 -8.88178419700125063e-6 -3.70336432631290734e2 4.44089209850062531e-6 -4.18454781936361471e1 8.88178419700125063e-6 -1.90157818380498583e2 0.00000000000000000e0 -4.90042899592424362e2 0.00000000000000000e0 -3.68574455400505428e2
4.03010957938931824e-6 -2.94932206001963209e2 2.68673971959287840e-6 -4.43100552238728767e2 1.34336985979643920e-6 -5.39662724674538822e2 -2.68673971959287840e-6 -7.48164041308729793e2 1.59872115546022521e-6 -8.09188574479868748e2 0.00000000000000000e0 -1.04196080558116569e3 5.68434188608080149e-6 -1.10001243975865737e3 1.79856129989275326e-5 -1.22395838061395420e3 -4.44089209850062531e-6 -2.84478011747246728e3 -5.37347943918575681e-6 -1.48398415635853075e3 1.91846538655227016e-5 -1.68211723444722270e3 9.84418545013632098e1 0.00000000000000000e0 2.20963015939989987e2 1.34336985979643920e-6 1.91623592515899304e2 -1.34336985979643920e-6 2.90411051750982779e2 4.03010957938931824e-6 3.24614834212866242e2 -1.34336985979643920e-6 3.61926015557401058e2 -1.34336985979643920e-6 4.84667654632175982e2 1.34336985979643920e-6 3.35369427029164001e2 -5.37347943918575681e-6 7.90890744006844557e2 0.00000000000000000e0 7.52164246131670097e2 -3.19744231092045041e-6 4.53872107897268450e2 -7.50510764646605906e-6
-3.63506808254143664e2 -1.61204383175572730e-5 -5.08196226878254663e2 5.37347943918575681e-6 -7.47183025318065461e2 0.00000000000000000e0 -9.59156735413912884e2 -1.61204383175572730e-5 -1.14702223328322361e3 1.61204383175572730e-5 -1.38960815063704490e3 -1.07469588783715136e-5 -1.56807202618125507e3 1.61204383175572730e-5 -1.79974479905808926e3 -2.68673971959287849e-5 -1.90095560617109504e3 -5.37347943918575681e-6 -3.77656289778371911e3 -1.07469588783715136e-5 -2.33809127578865582e3 -3.22408766351145459e-5 5.37347943918575681e-6 8.49689496540406708e0 5.37347943918575681e-6 -1.39230893125841249e2 -1.61204383175572730e-5 -8.73316524430123167e1 5.37347943918575681e-6 -2.12960211065649190e2 -1.07469588783715136e-5 -1.88999334271855417e2 2.14939177567430272e-5 -2.72776677245900601e2 5.37347943918575681e-6 -2.76940049115381726e2 -2.68673971959287849e-5 -4.45287500605573371e2 1.61204383175572730e-5 -1.83882352500219753e2 -6.98552327094148495e-5 -1.62599424413656379e2 2.55795384873636033e-5 -7.44800446028648253e2
0.00000000000000000e0 -3.11778064165935064e2 -1.59872115546022521e-6 -4.75594566928805250e2 0.00000000000000000e0 -5.89891906521699980e2 1.59872115546022521e-6 -7.72810103910614885e2 -1.59872115546022521e-6 -9.21409107412784920e2 4.35207425653061279e-6 -1.04079175358151565e3 2.84217094304040074e-6 -1.26948139520521840e3 -1.07913677993565199e-5 -1.31937025624750936e3 4.44089209850062531e-6 -1.48398415635853075e3 -1.07469588783715136e-5 -3.36674412508841624e3 -6.39488462184090083e-6 -1.77717940270660824e3 1.20520080315600339e2 -3.19744231092045041e-6 2.31588206212052199e2 1.59872115546022521e-6 2.51633330172751329e2 0.00000000000000000e0 2.94233335296212260e2 3.19744231092045041e-6 4.09826730951579009e2 4.79616346638067541e-6 4.01707242669857521e2 -4.79616346638067541e-6 5.26353213103902817e2 4.79616346638067541e-6 5.73303072615161000e2 -3.19744231092045041e-6 4.83182636124013186e2 0.00000000000000000e0 9.54290673638169437e2 -1.59872115546022521e-6 9.55320392392877579e2 -1.12576614696990890e-5
-3.95618462789570856e2 -6.39488462184090083e-6 -5.54637136218616320e2 6.39488462184090083e-6 -8.09594330775098456e2 6.39488462184090083e-6 -1.05585244867256711e3 6.39488462184090083e-6 -1.22608823573955283e3 -6.39488462184090083e-6 -1.55385781042127724e3 6.39488462184090083e-6 -1.64843236021283678e3 0.00000000000000000e0 -2.02946577303464414e3 0.00000000000000000e0 -2.10560625575340009e3 1.91846538655227016e-5 -2.33809127578865582e3 -6.39488462184090083e-6 -4.49247318385914605e3 6.39488462184090083e-6 -6.39488462184090083e-6 1.40932513659208762e1 6.39488462184090083e-6 -1.57165985825713477e2 0.00000000000000000e0 -7.93108938523800902e1 1.27897692436818017e-5 -2.46169721407341029e2 0.00000000000000000e0 -1.84990928175920970e2 6.39488462184090083e-6 -2.93379848415042886e2 -6.39488462184090083e-6 -3.31386182494952607e2 0.00000000000000000e0 -2.93790854044573223e2 6.39488462184090083e-6 -6.18726944878744575e2 -6.39488462184090083e-6 -1.07722189568448798e2 -6.39488462184090083e-6 -2.97700469076289608e2
-1.87627691161651477e-6 -3.55655547912281406e2 -1.87627691161651477e-6 -5.29457665621180354e2 -1.31339383813156036e-5 -6.54849761971831981e2 3.75255382323302953e-6 -8.89498406653199822e2 -2.25153229393981780e-5 -9.85576036616198280e2 -4.35207425653061279e-6 -1.23956118399659613e3 -2.84217094304040074e-6 -1.32371938399433748e3 -1.79856129989275326e-5 -1.58335962811007062e3 -4.44089209850062531e-6 -1.68211723444722270e3 -3.22408766351145459e-5 -1.77717940270660824e3 6.39488462184090083e-6 -4.11850626438337076e3 1.21637373551308784e2 -5.62883073484954451e-6 2.65972044510842693e2 0.00000000000000000e0 2.37609554121220896e2 0.00000000000000000e0 3.53747597570119922e2 -1.68864922045486344e-5 3.92928715642337863e2 -3.75255382323302953e-6 4.62028621717180897e2 -7.69273533762771102e-5 5.56546501684351824e2 1.87627691161651477e-6 5.58659175720066401e2 -1.01318953227291799e-4 7.43969508221198225e2 -1.87627691161651477e-6 5.16014800666653173e2 -1.31339383813156036e-5 1.13014264826460908e3 0.00000000000000000e0
0.00000000000000000e0 3.34588193595664052e1 -3.99680288865056302e-7 2.10090627561498877e1 2.84217094304040074e-6 4.53227580465842479e1 -3.33066907387546920e-6 4.64720178339206242e1 1.59872115546022521e-6 6.21229147457213955e1 -2.17603712826530640e-6 7.16021865798666113e1 5.68434188608080149e-6 7.91753671625094881e1 -3.59712259978550677e-6 9.69044522403095101e1 4.44089209850062531e-6 9.84418545013632098e1 5.37347943918575681e-6 1.20520080315600339e2 -6.39488462184090083e-6 1.21637373551308784e2 -1.03620541835880431e2 -1.77635683940025046e-7 -9.72679700783629499e1 -1.77635683940025046e-7 -1.22227437060473676e2 -2.77555756156289082e-7 -1.68493899943555874e2 -1.59872115546022521e-6 -1.92624449191214325e2 -1.63202784619897990e-6 -2.42340970357801638e2 -7.10542735760100186e-6 -2.64855881937364757e2 1.79856129989275338e-6 -3.13016712949476471e2 -6.66133814775093840e-6 -3.40374328722248208e2 -1.34336985979643920e-6 -3.80636531094324880e2 0.00000000000000000e0 -4.17731430246703837e2 -1.12576614696990890e-5
-1.23759924974820024e1 -4.99600361081320337e-7 2.42893397395249586e1 -3.55271367880050093e-7 -3.31765264149908035e0 2.77555756156289082e-7 4.74152050955467441e0 -1.19904086659516885e-6 1.50014880517801412e1 -1.08801856413265320e-6 -2.12167536872698248e0 -1.42108547152020037e-6 2.30169632686738623e1 -8.99280649946376692e-7 -6.99726676600675890e-1 -2.22044604925031266e-6 2.17534124047347142e1 0.00000000000000000e0 8.49689496540406708e0 -3.19744231092045041e-6 1.40932513659208762e1 -5.62883073484954451e-6 -1.77635683940025046e-7 -1.45054197853156069e2 0.00000000000000000e0 -1.32835451260859827e2 -2.13162820728030056e-6 -1.23497958248730541e2 0.00000000000000000e0 -1.95295833105291166e2 0.00000000000000000e0 -2.03222004369063541e2 0.00000000000000000e0 -2.55605362298183536e2 2.84217094304040074e-6 -2.87955301703224336e2 -1.07913677993565199e-5 -3.14174883886408850e2 -4.44089209850062531e-6 -3.70716963116191039e2 1.07469588783715136e-5 -3.78771054521109761e2 -1.27897692436818017e-5 -4.44541110145024788e2
7.99360577730112603e-7 4.48686503951023425e1 0.00000000000000000e0 8.42517479782145386e1 -1.42108547152020037e-6 7.01909546485523919e1 -3.33066907387546920e-6 1.10987282564423126e2 0.00000000000000000e0 1.24175660998204748e2 2.17603712826530640e-6 1.48387546516914881e2 -2.84217094304040074e-6 1.73292856064932693e2 -7.19424519957101353e-6 1.88056674677028440e2 8.88178419700125063e-6 2.20963015939989987e2 5.37347943918575681e-6 2.31588206212052199e2 6.39488462184090083e-6 2.65972044510842693e2 -9.72679700783629499e1 0.00000000000000000e0 -2.98488378014383159e2 3.99680288865056302e-7 -2.36651783325214637e2 -3.99680288865056302e-7 -2.74825301405101584e2 1.19904086659516885e-6 -3.55716652933324383e2 -1.08801856413265320e-6 -4.01098844449165824e2 7.10542735760100186e-6 -4.80921724488325708e2 8.99280649946376692e-7 -5.29430820783716058e2 6.66133814775093840e-6 -6.02861534026999266e2 1.34336985979643920e-6 -6.60592381063196399e2 -3.19744231092045041e-6 -7.22836274036353529e2 9.38138455808257446e-6
-5.50162152279654038e1 0.00000000000000000e0 -2.01084221274072625e1 5.32907051820075139e-7 -2.12390673937079555e1 -2.77555756156289082e-7 -7.88253773364999546e1 0.00000000000000000e0 -6.40054105716103408e1 5.44009282066326599e-7 -9.52002643384019933e1 -4.97379915032070130e-6 -9.38019809382240055e1 8.99280649946376692e-7 -1.17773286723021883e2 -3.33066907387546920e-6 -1.25079813173556417e2 1.34336985979643920e-6 -1.39230893125841249e2 1.59872115546022521e-6 -1.57165985825713477e2 0.00000000000000000e0 -1.77635683940025046e-7 -1.32835451260859827e2 3.99680288865056302e-7 -4.13224347539653536e2 0.00000000000000000e0 -2.83414012813842874e2 1.11022302462515633e-6 -3.35031328280166406e2 1.59872115546022521e-6 -4.08911711546888682e2 2.17603712826530640e-6 -4.68023613819923412e2 0.00000000000000000e0 -5.47786389748505712e2 0.00000000000000000e0 -5.99890712660311351e2 4.44089209850062531e-6 -6.85070400174847464e2 0.00000000000000000e0 -7.35146359787108736e2 0.00000000000000000e0 -8.18005081437700596e2
1.42108547152020037e-6 2.88286926775072061e1 7.10542735760100186e-7 5.88656405398069182e1 -7.10542735760100186e-7 1.26948739165300140e2 0.00000000000000000e0 6.99808971660331736e1 0.00000000000000000e0 1.33452172690340376e2 2.17603712826530640e-6 1.41459823765899273e2 2.84217094304040074e-6 1.58519478943297514e2 3.59712259978550677e-6 2.00770046143716712e2 4.44089209850062531e-6 1.91623592515899304e2 -1.61204383175572730e-5 2.51633330172751329e2 0.00000000000000000e0 2.37609554121220896e2 -1.22227437060473676e2 -2.13162820728030056e-6 -2.36651783325214637e2 0.00000000000000000e0 -5.71438852148276055e2 7.10542735760100186e-7 -4.31169460135549741e2 -2.13162820728030056e-6 -4.49778336175654601e2 7.10542735760100186e-7 -5.93449470143170174e2 -2.13162820728030056e-5 -6.25655044927952986e2 0.00000000000000000e0 -7.60722091719401192e2 -1.55431223447521882e-5 -8.11127476296746750e2 2.68673971959287840e-6 -9.17812201262080293e2 -1.59872115546022521e-6 -1.00330628924893961e3 -3.37729844090972687e-5
-3.62594251845926792e1 2.77555756156289082e-7 -3.51973886036915857e1 2.77555756156289082e-7 -1.15306860948294343e1 -2.77555756156289082e-7 8.42667602363178325e0 -7.99360577730112603e-7 -5.87571415522347635e1 -1.08801856413265320e-6 -5.19425567890863178e1 -4.97379915032070130e-6 -4.20442916038155090e1 0.00000000000000000e0 -7.65612041764285181e1 0.00000000000000000e0 -5.44733946838959966e1 -1.34336985979643920e-6 -8.73316524430123167e1 0.00000000000000000e0 -7.93108938523800902e1 0.00000000000000000e0 -2.77555756156289082e-7 -1.23497958248730541e2 -3.99680288865056302e-7 -2.83414012813842874e2 7.10542735760100186e-7 -6.48743764264381070e2 1.11022302462515633e-6 -4.51116062105683056e2 1.59872115546022521e-6 -4.41624524871730898e2 2.17603712826530640e-6 -5.71980014996142927e2 2.84217094304040074e-6 -6.21178277115941228e2 1.43884903991420271e-5 -7.09144304389397348e2 -8.88178419700125063e-6 -7.97501622096241590e2 5.37347943918575681e-6 -8.52950200069812922e2 0.00000000000000000e0 -9.63457208513762907e2
1.11022302462515633e-6 5.72225433703721293e1 -2.22044604925031266e-6 4.47214698606757040e1 -1.11022302462515633e-6 1.26195864869060856e2 1.11022302462515633e-6 1.92714219027223493e2 1.59872115546022521e-6 1.23317125400035351e2 4.35207425653061279e-6 2.00764563862421113e2 2.84217094304040074e-6 2.18097460091826150e2 7.19424519957101353e-6 2.41818872703802839e2 0.00000000000000000e0 2.90411051750982779e2 5.37347943918575681e-6 2.94233335296212260e2 1.27897692436818017e-5 3.53747597570119922e2 -1.68493899943555874e2 0.00000000000000000e0 -2.74825301405101584e2 1.11022302462515633e-6 -4.31169460135549741e2 1.11022302462515633e-6 -9.56962358245050268e2 3.33066907387546920e-6 -6.79657017066403910e2 -1.11022302462515633e-6 -7.07523707843549118e2 7.77156117237609409e-6 -8.79388397834190982e2 1.11022302462515633e-6 -9.43212416171235077e2 7.77156117237609409e-6 -1.09598704334246099e3 4.03010957938931824e-6 -1.18341345110017915e3 0.00000000000000000e0 -1.30747888036353265e3 1.31339383813156036e-5
-7.30914912594471247e1 -1.19904086659516885e-6 -3.39253493297775250e1 -7.99360577730112603e-7 -1.17437002700171433e2 0.00000000000000000e0 -6.95425383945291600e1 -7.59392548843606989e-6 -3.06052703180625905e1 2.17603712826530640e-6 -1.97910550703284088e2 -1.56319401867222041e-5 -1.18737420962133911e2 0.00000000000000000e0 -1.97130847245929857e2 -9.99200722162640717e-6 -1.81754482575513492e2 4.03010957938931824e-6 -2.12960211065649190e2 3.19744231092045041e-6 -2.46169721407341029e2 -1.68864922045486344e-5 -1.59872115546022521e-6 -1.95295833105291166e2 1.19904086659516885e-6 -3.35031328280166406e2 -2.13162820728030056e-6 -4.51116062105683056e2 3.33066907387546920e-6 -1.11576144323777248e3 -1.59872115546022521e-6 -6.97305969921124642e2 4.35207425653061279e-6 -7.32298987315971317e2 0.00000000000000000e0 -8.98451461928128992e2 0.00000000000000000e0 -9.39077282602340688e2 -4.44089209850062531e-6 -1.12345325643525825e3 -1.61204383175572730e-5 -1.15565838338937942e3 -6.39488462184090083e-6 -1.33172948219018053e3
0.00000000000000000e0 7.01934734337328194e1 0.00000000000000000e0 8.95137819867386355e1 3.19744231092045041e-6 9.33620524889988559e1 0.00000000000000000e0 1.94716780299586361e2 -3.19744231092045041e-6 2.86202639188104456e2 4.35207425653061279e-6 1.83094998362776067e2 8.52651282912120223e-6 2.79464258134964837e2 0.00000000000000000e0 3.17118440307240178e2 -8.88178419700125063e-6 3.24614834212866242e2 -1.07469588783715136e-5 4.09826730951579009e2 0.00000000000000000e0 3.92928715642337863e2 -1.92624449191214325e2 0.00000000000000000e0 -3.55716652933324383e2 1.59872115546022521e-6 -4.49778336175654601e2 1.59872115546022521e-6 -6.79657017066403910e2 -1.59872115546022521e-6 -1.39979699511627564e3 -6.39488462184090083e-6 -9.80709362563558670e2 -6.39488462184090083e-6 -9.64741022357884503e2 0.00000000000000000e0 -1.20598577244557237e3 -1.27897692436818017e-5 -1.25962701158499590e3 3.19744231092045041e-6 -1.45177933461582120e3 0.00000000000000000e0 -1.56172581426972079e3 -3.56492613207137833e-5
-6.73938990169986454e1 5.44009282066326599e-7 -3.77539150497874161e1 -1.08801856413265320e-6 -5.76073503566476575e1 1.08801856413265320e-6 -1.41497720207439642e2 1.08801856413265320e-6 -3.78167753112279499e1 1.08801856413265320e-6 -2.96825042767068190e1 2.13162820728030056e-6 -1.78989799337614386e2 -1.79856129989275338e-6 -1.39830482792646620e2 1.11022302462515633e-6 -1.57706820935743480e2 -1.34336985979643920e-6 -1.88999334271855417e2 4.79616346638067541e-6 -1.84990928175920970e2 -3.75255382323302953e-6 -1.63202784619897990e-6 -2.03222004369063541e2 -1.08801856413265320e-6 -4.08911711546888682e2 7.10542735760100186e-7 -4.41624524871730898e2 -1.11022302462515633e-6 -6.97305969921124642e2 -6.39488462184090083e-6 -1.51622799799966378e3 -2.17603712826530640e-6 -9.52336530701813899e2 0.00000000000000000e0 -9.37936975986541711e2 -7.19424519957101353e-6 -1.13248181943248460e3 0.00000000000000000e0 -1.20979647076913102e3 0.00000000000000000e0 -1.35723530014786297e3 1.91846538655227016e-5 -1.47247039614661935e3
-4.35207425653061279e-6 7.26366938152977895e1 0.00000000000000000e0 8.77603194116005483e1 4.35207425653061279e-6 1.50420564093423053e2 4.35207425653061279e-6 1.02402470680829069e2 0.00000000000000000e0 2.71254019201805306e2 4.35207425653061279e-6 3.56815862190273890e2 -5.68434188608080149e-6 2.13592003417417658e2 -3.59712259978550677e-6 3.46301235554236030e2 4.44089209850062531e-6 3.61926015557401058e2 2.14939177567430272e-5 4.01707242669857521e2 6.39488462184090083e-6 4.62028621717180897e2 -2.42340970357801638e2 0.00000000000000000e0 -4.01098844449165824e2 2.17603712826530640e-6 -5.93449470143170174e2 2.17603712826530640e-6 -7.07523707843549118e2 4.35207425653061279e-6 -9.80709362563558670e2 -2.17603712826530640e-6 -1.99737037060998523e3 0.00000000000000000e0 -1.33336297096775525e3 -4.35207425653061279e-6 -1.34306390249250262e3 0.00000000000000000e0 -1.59934365306924042e3 -4.35207425653061279e-6 -1.69032779684385991e3 2.17603712826530640e-6 -1.90891524667335921e3 2.17603712826530640e-6
-8.82303694993424870e1 -6.39488462184090167e-6 -4.58927914337436960e1 -7.10542735760100186e-6 -1.00090959165299864e2 -1.42108547152020037e-6 -1.12616702629964024e2 -2.91322521661641076e-5 -1.92228944762007330e2 1.13686837721616030e-5 -1.23674413021745963e2 -7.10542735760100186e-7 -2.36342117432286614e1 1.34892097491956503e-5 -3.27954275336494959e2 -4.10782519111307852e-5 -1.85617876624632999e2 -1.34336985979643920e-6 -2.72776677245900601e2 -4.79616346638067541e-6 -2.93379848415042886e2 -7.69273533762771102e-5 -7.10542735760100186e-6 -2.55605362298183536e2 7.10542735760100186e-6 -4.68023613819923412e2 -2.13162820728030056e-5 -5.71980014996142927e2 7.77156117237609409e-6 -7.32298987315971317e2 -6.39488462184090083e-6 -9.52336530701813899e2 0.00000000000000000e0 -2.11505856100302481e3 -2.84217094304040074e-6 -1.30861275575711011e3 -3.59712259978550677e-6 -1.23454490852381559e3 -4.44089209850062531e-6 -1.56213097700641492e3 -2.14939177567430272e-5 -1.53349673279734566e3 6.39488462184090083e-6 -1.83969396612138098e3
2.84217094304040074e-6 1.01469214541793917e2 2.84217094304040074e-6 1.17772702878937707e2 2.84217094304040074e-6 1.77231461861993012e2 5.68434188608080149e-6 2.33298780472068756e2 -2.84217094304040074e-6 1.82259682901531050e2 5.68434188608080149e-6 4.05900755140464753e2 0.00000000000000000e0 5.04195202211121796e2 3.59712259978550677e-6 3.30650962609979615e2 -8.88178419700125063e-6 4.84667654632175982e2 5.37347943918575681e-6 5.26353213103902817e2 -6.39488462184090083e-6 5.56546501684351824e2 -2.64855881937364757e2 2.84217094304040074e-6 -4.80921724488325708e2 0.00000000000000000e0 -6.25655044927952986e2 2.84217094304040074e-6 -8.79388397834190982e2 0.00000000000000000e0 -9.64741022357884503e2 0.00000000000000000e0 -1.33336297096775525e3 -2.84217094304040074e-6 -2.61981462017502054e3 5.68434188608080149e-6 -1.72949521863863220e3 2.84217094304040074e-6 -1.69367062596847950e3 -5.68434188608080149e-6 -2.00931548914873292e3 -8.52651282912120223e-6 -2.10246294614080352e3 2.84217094304040074e-6
-1.02316521954914904e2 8.99280649946376692e-7 -5.09121130254364047e1 0.00000000000000000e0 -1.11552456172336875e2 0.00000000000000000e0 -1.44884926278621123e2 8.99280649946376692e-7 -1.32021481746846774e2 -8.99280649946376692e-7 -3.06046126308245846e2 1.79856129989275338e-6 -1.02417826042255911e2 8.99280649946376692e-7 -9.91348859002982721e1 2.22044604925031266e-6 -3.70336432631290734e2 1.34336985979643920e-6 -2.76940049115381726e2 4.79616346638067541e-6 -3.31386182494952607e2 1.87627691161651477e-6 1.79856129989275338e-6 -2.87955301703224336e2 8.99280649946376692e-7 -5.47786389748505712e2 0.00000000000000000e0 -6.21178277115941228e2 1.11022302462515633e-6 -8.98451461928128992e2 0.00000000000000000e0 -9.37936975986541711e2 -4.35207425653061279e-6 -1.30861275575711011e3 5.68434188608080149e-6 -2.75029292180484163e3 3.59712259978550677e-6 -1.65985709732474584e3 4.44089209850062531e-6 -1.61358339944017712e3 1.07469588783715136e-5 -1.89539071477895482e3 -6.39488462184090083e-6 -1.98247896181502665e3
0.00000000000000000e0 9.47823351804544103e1 -3.59712259978550677e-6 1.21982948941834465e2 0.00000000000000000e0 1.86487929099143884e2 3.59712259978550677e-6 2.03198998827147619e2 3.59712259978550677e-6 2.98214927552109486e2 0.00000000000000000e0 2.01178232472898316e2 -3.59712259978550677e-6 4.78228071942865483e2 -3.59712259978550677e-6 6.07332298452334271e2 4.44089209850062531e-6 3.35369427029164001e2 -2.68673971959287849e-5 5.73303072615161000e2 0.00000000000000000e0 5.58659175720066401e2 -3.13016712949476471e2 -1.07913677993565199e-5 -5.29430820783716058e2 0.00000000000000000e0 -7.60722091719401192e2 1.43884903991420271e-5 -9.43212416171235077e2 0.00000000000000000e0 -1.20598577244557237e3 -7.19424519957101353e-6 -1.34306390249250262e3 -3.59712259978550677e-6 -1.72949521863863220e3 3.59712259978550677e-6 -3.41952514624210789e3 -3.59712259978550677e-6 -2.19358580633155452e3 0.00000000000000000e0 -2.16086325690589820e3 0.00000000000000000e0 -2.52849140665034565e3 -1.79856129989275326e-5
-1.02780869370988611e2 -6.66133814775093840e-6 -5.61666435583418817e1 -3.33066907387546920e-6 -9.68475200036067321e1 -3.33066907387546920e-6 -1.47389406235376413e2 -2.22044604925031274e-5 -1.37629042562537023e2 8.88178419700125063e-6 -2.01886879924728618e2 -5.32907051820075072e-5 -2.99864737485222577e2 1.44328993201270333e-5 -1.51477929799526095e2 -4.88498130835068810e-5 -4.18454781936361471e1 -5.37347943918575681e-6 -4.45287500605573371e2 -3.19744231092045041e-6 -2.93790854044573223e2 -1.01318953227291799e-4 -6.66133814775093840e-6 -3.14174883886408850e2 6.66133814775093840e-6 -5.99890712660311351e2 -1.55431223447521882e-5 -7.09144304389397348e2 7.77156117237609409e-6 -9.39077282602340688e2 -1.27897692436818017e-5 -1.13248181943248460e3 0.00000000000000000e0 -1.23454490852381559e3 2.84217094304040074e-6 -1.65985709732474584e3 -3.59712259978550677e-6 -3.41304862150337794e3 8.88178419700125063e-6 -2.10068717330091886e3 -2.14939177567430272e-5 -1.88487631582745485e3 1.27897692436818017e-5 -2.35731596628374655e3
0.00000000000000000e0 1.24885901620075387e2 -4.44089209850062531e-6 1.43797391771727206e2 0.00000000000000000e0 2.31208145962114003e2 -8.88178419700125063e-6 2.69852731271669143e2 1.33226762955018768e-5 3.19172954732493906e2 4.44089209850062531e-6 4.20147636681633628e2 4.44089209850062531e-6 3.01312814698917407e2 1.33226762955018768e-5 6.59217160858815873e2 8.88178419700125063e-6 7.90890744006844557e2 1.61204383175572730e-5 4.83182636124013186e2 6.39488462184090083e-6 7.43969508221198225e2 -3.40374328722248208e2 -4.44089209850062531e-6 -6.02861534026999266e2 4.44089209850062531e-6 -8.11127476296746750e2 -8.88178419700125063e-6 -1.09598704334246099e3 -4.44089209850062531e-6 -1.25962701158499590e3 0.00000000000000000e0 -1.59934365306924042e3 -4.44089209850062531e-6 -1.69367062596847950e3 4.44089209850062531e-6 -2.19358580633155452e3 8.88178419700125063e-6 -4.23293805340563176e3 -8.88178419700125063e-6 -2.69947289917027410e3 -4.44089209850062531e-6 -2.61520828033212592e3 8.88178419700125063e-6
-1.34943512097862595e2 1.34336985979643920e-6 -6.53207320788773416e1 -1.34336985979643920e-6 -1.58606386468918004e2 -1.34336985979643920e-6 -1.74020554799536569e2 0.00000000000000000e0 -2.05200602110266999e2 1.34336985979643920e-6 -2.94601315609099800e2 -1.34336985979643920e-6 -2.38717328215898306e2 0.00000000000000000e0 -5.23198956958736858e2 -1.34336985979643920e-6 -1.90157818380498583e2 0.00000000000000000e0 -1.83882352500219753e2 0.00000000000000000e0 -6.18726944878744575e2 -1.87627691161651477e-6 -1.34336985979643920e-6 -3.70716963116191039e2 1.34336985979643920e-6 -6.85070400174847464e2 2.68673971959287840e-6 -7.97501622096241590e2 4.03010957938931824e-6 -1.12345325643525825e3 3.19744231092045041e-6 -1.20979647076913102e3 -4.35207425653061279e-6 -1.56213097700641492e3 -5.68434188608080149e-6 -1.61358339944017712e3 0.00000000000000000e0 -2.10068717330091886e3 -8.88178419700125063e-6 -4.34716122317269037e3 5.37347943918575681e-6 -2.54911772170629501e3 -6.39488462184090083e-6 -2.46192413613233202e3
0.00000000000000000e0 1.23954612307741726e2 0.00000000000000000e0 1.57034622239038413e2 -5.37347943918575681e-6 2.33518552317235589e2 0.00000000000000000e0 2.82635453707769102e2 -1.61204383175572730e-5 3.50093840539855648e2 -1.07469588783715136e-5 3.91383882236695456e2 0.00000000000000000e0 4.92120581885302443e2 -2.68673971959287849e-5 3.71346596539368022e2 0.00000000000000000e0 7.52164246131670097e2 -6.98552327094148495e-5 9.54290673638169437e2 -6.39488462184090083e-6 5.16014800666653173e2 -3.80636531094324880e2 1.07469588783715136e-5 -6.60592381063196399e2 0.00000000000000000e0 -9.17812201262080293e2 5.37347943918575681e-6 -1.18341345110017915e3 -1.61204383175572730e-5 -1.45177933461582120e3 0.00000000000000000e0 -1.69032779684385991e3 -2.14939177567430272e-5 -2.00931548914873292e3 1.07469588783715136e-5 -2.16086325690589820e3 -2.14939177567430272e-5 -2.69947289917027410e3 5.37347943918575681e-6 -5.18588003064479562e3 -5.37347943918575681e-6 -3.28985829298744602e3 -5.91082738310433274e-5
-1.22656014944766397e2 -1.59872115546022521e-6 -6.69750814807912178e1 3.19744231092045041e-6 -1.09181294405402681e2 -4.79616346638067541e-6 -1.81414104538646342e2 -1.59872115546022521e-6 -1.39358977158110491e2 -1.59872115546022521e-6 -2.64181121689688268e2 -3.19744231092045041e-6 -2.25223715233369148e2 -1.59872115546022521e-6 -2.86963509354975997e2 -7.99360577730112540e-6 -4.90042899592424362e2 -3.19744231092045041e-6 -1.62599424413656379e2 -1.59872115546022521e-6 -1.07722189568448798e2 -1.31339383813156036e-5 0.00000000000000000e0 -3.78771054521109761e2 -3.19744231092045041e-6 -7.35146359787108736e2 -1.59872115546022521e-6 -8.52950200069812922e2 0.00000000000000000e0 -1.15565838338937942e3 0.00000000000000000e0 -1.35723530014786297e3 2.17603712826530640e-6 -1.53349673279734566e3 -8.52651282912120223e-6 -1.89539071477895482e3 0.00000000000000000e0 -1.88487631582745485e3 -4.44089209850062531e-6 -2.54911772170629501e3 -5.37347943918575681e-6 -5.08464114972184598e3 0.00000000000000000e0 -3.04356376450432072e3
0.00000000000000000e0 1.42576702444330266e2 1.27897692436818017e-5 1.68755710205914482e2 1.27897692436818017e-5 2.73758251267963658e2 -6.39488462184090083e-6 3.02961847609139966e2 0.00000000000000000e0 4.03907154122862210e2 1.91846538655227016e-5 4.49088056342361540e2 1.27897692436818017e-5 5.06867993976811647e2 1.27897692436818017e-5 6.32329593486247063e2 0.00000000000000000e0 4.53872107897268450e2 2.55795384873636033e-5 9.55320392392877579e2 -6.39488462184090083e-6 1.13014264826460908e3 -4.17731430246703837e2 -1.27897692436818017e-5 -7.22836274036353529e2 0.00000000000000000e0 -1.00330628924893961e3 0.00000000000000000e0 -1.30747888036353265e3 -6.39488462184090083e-6 -1.56172581426972079e3 1.91846538655227016e-5 -1.90891524667335921e3 6.39488462184090083e-6 -2.10246294614080352e3 -6.39488462184090083e-6 -2.52849140665034565e3 1.27897692436818017e-5 -2.61520828033212592e3 -6.39488462184090083e-6 -3.28985829298744602e3 0.00000000000000000e0 -6.21049503024550995e3 1.91846538655227016e-5
-1.59960646561874171e2 -9.38138455808257446e-6 -7.83942360471634601e1 -7.50510764646605906e-6 -1.86095602239255726e2 -7.50510764646605906e-6 -2.04401300918366530e2 -3.37729844090972687e-5 -2.47498205152574286e2 1.12576614696990890e-5 -3.25161903091952752e2 -1.12576614696990887e-4 -3.13445644906096277e2 2.25153229393981780e-5 -4.59757858184417444e2 -1.01318953227291799e-4 -3.68574455400505428e2 -7.50510764646605906e-6 -7.44800446028648253e2 -1.12576614696990890e-5 -2.97700469076289608e2 0.00000000000000000e0 -1.12576614696990890e-5 -4.44541110145024788e2 9.38138455808257446e-6 -8.18005081437700596e2 -3.37729844090972687e-5 -9.63457208513762907e2 1.31339383813156036e-5 -1.33172948219018053e3 -3.56492613207137833e-5 -1.47247039614661935e3 2.17603712826530640e-6 -1.83969396612138098e3 2.84217094304040074e-6 -1.98247896181502665e3 -1.79856129989275326e-5 -2.35731596628374655e3 8.88178419700125063e-6 -2.46192413613233202e3 -5.91082738310433274e-5 -3.04356376450432072e3 1.91846538655227016e-5 -6.27583119743313546e3